#format table ## [Custom WaveView] saved 22:45:32 Fri Apr 21 2017
XVAL inv_delay nand_delay nor_delay replica_delay vdd_val 
 0.00000E+00  2.89600E-09  3.07900E-09  2.95100E-09  2.79000E-09  5.00000E-01 
 1.00000E+00  1.74700E-09  1.86500E-09  1.75400E-09  1.74500E-09  5.50000E-01 
 2.00000E+00  1.17600E-09  1.25300E-09  1.16300E-09  1.21200E-09  6.00000E-01 
 3.00000E+00  8.60400E-10  9.13700E-10  8.41900E-10  9.09000E-10  6.50000E-01 
 4.00000E+00  6.67200E-10  7.05900E-10  6.50300E-10  7.20400E-10  7.00000E-01 
 5.00000E+00  5.40800E-10  5.69500E-10  5.26500E-10  5.95500E-10  7.50000E-01 
 6.00000E+00  4.53900E-10  4.74900E-10  4.41500E-10  5.08700E-10  8.00000E-01 
 7.00000E+00  3.91400E-10  4.06500E-10  3.80600E-10  4.45500E-10  8.50000E-01 
 8.00000E+00  3.43900E-10  3.55100E-10  3.34900E-10  3.97100E-10  9.00000E-01 
 9.00000E+00  3.06900E-10  3.15300E-10  3.00200E-10  3.59000E-10  9.50000E-01 
 1.00000E+01  2.77600E-10  2.84300E-10  2.72900E-10  3.29000E-10  1.00000E+00 
 1.10000E+01  2.55500E-10  2.59200E-10  2.50400E-10  3.06100E-10  1.05000E+00 
