#format table ## [Custom WaveView] saved 16:52:49 Tue Mar  7 2017
XVAL delay_h_to_l delay_l_to_h 
 1.0000000E+00  1.0697900E-11  1.4722900E-11 
 2.0000000E+00  1.1005700E-11  1.3339800E-11 
 3.0000000E+00  1.2016900E-11  1.5223100E-11 
 4.0000000E+00  1.0953500E-11  1.3782800E-11 
 5.0000000E+00  1.3706000E-11  1.5166900E-11 
 6.0000000E+00  1.1111600E-11  1.2737800E-11 
 7.0000000E+00  1.1674500E-11  1.3018500E-11 
 8.0000000E+00  1.1792800E-11  1.3423300E-11 
 9.0000000E+00  1.0219000E-11  1.3116900E-11 
 1.0000000E+01  1.2195300E-11  1.3499300E-11 
 1.1000000E+01  1.2561600E-11  1.4036100E-11 
 1.2000000E+01  1.2792200E-11  1.6048200E-11 
 1.3000000E+01  1.0869000E-11  1.4108500E-11 
 1.4000000E+01  1.1355400E-11  1.3816400E-11 
 1.5000000E+01  1.1013900E-11  1.2953600E-11 
 1.6000000E+01  1.0106600E-11  1.3669700E-11 
 1.7000000E+01  1.0885800E-11  1.3321100E-11 
 1.8000000E+01  1.1753200E-11  1.4889500E-11 
 1.9000000E+01  1.0140500E-11  1.3043500E-11 
 2.0000000E+01  1.1608600E-11  1.4464000E-11 
 2.1000000E+01  1.0370100E-11  1.3437300E-11 
 2.2000000E+01  1.2108100E-11  1.4845300E-11 
 2.3000000E+01  1.1250000E-11  1.4577800E-11 
 2.4000000E+01  1.1278200E-11  1.4232200E-11 
 2.5000000E+01  1.1858700E-11  1.4587500E-11 
 2.6000000E+01  1.0636900E-11  1.3722600E-11 
 2.7000000E+01  1.1997300E-11  1.2539100E-11 
 2.8000000E+01  1.2085400E-11  1.3355600E-11 
 2.9000000E+01  1.1005300E-11  1.3269900E-11 
 3.0000000E+01  1.1413600E-11  1.2772200E-11 
 3.1000000E+01  1.1276600E-11  1.3573900E-11 
 3.2000000E+01  1.2596500E-11  1.3487400E-11 
 3.3000000E+01  1.1875000E-11  1.3794400E-11 
 3.4000000E+01  1.1009500E-11  1.3237400E-11 
 3.5000000E+01  1.2574800E-11  1.4260800E-11 
 3.6000000E+01  9.9387000E-12  1.3796800E-11 
 3.7000000E+01  9.9491100E-12  1.3125000E-11 
 3.8000000E+01  1.0554400E-11  1.4912600E-11 
 3.9000000E+01  1.1763100E-11  1.3480800E-11 
 4.0000000E+01  1.1927600E-11  1.2500800E-11 
 4.1000000E+01  1.0140500E-11  1.4107800E-11 
 4.2000000E+01  1.2236000E-11  1.1663000E-11 
 4.3000000E+01  1.0896700E-11  1.3288800E-11 
 4.4000000E+01  1.1000800E-11  1.5747500E-11 
 4.5000000E+01  1.0837000E-11  1.3715300E-11 
 4.6000000E+01  1.0968800E-11  1.3862100E-11 
 4.7000000E+01  1.0956100E-11  1.3513500E-11 
 4.8000000E+01  1.1480600E-11  1.2214300E-11 
 4.9000000E+01  1.1337300E-11  1.3994200E-11 
 5.0000000E+01  1.0999000E-11  1.2815500E-11 
 5.1000000E+01  1.0624400E-11  1.3235300E-11 
 5.2000000E+01  1.1279300E-11  1.3543600E-11 
 5.3000000E+01  1.1055100E-11  1.3452300E-11 
 5.4000000E+01  1.1776100E-11  1.2956300E-11 
 5.5000000E+01  1.1343200E-11  1.4671600E-11 
 5.6000000E+01  1.1516600E-11  1.2867100E-11 
 5.7000000E+01  1.1692100E-11  1.3696700E-11 
 5.8000000E+01  1.1098100E-11  1.3690500E-11 
 5.9000000E+01  1.1158100E-11  1.2778500E-11 
 6.0000000E+01  1.2899000E-11  1.2697100E-11 
 6.1000000E+01  1.1098000E-11  1.2901900E-11 
 6.2000000E+01  1.1236000E-11  1.4165500E-11 
 6.3000000E+01  1.1919100E-11  1.3339100E-11 
 6.4000000E+01  1.1675300E-11  1.4378100E-11 
 6.5000000E+01  1.0993400E-11  1.3281800E-11 
 6.6000000E+01  1.1809300E-11  1.2711000E-11 
 6.7000000E+01  1.0671800E-11  1.4215500E-11 
 6.8000000E+01  1.1412200E-11  1.4512500E-11 
 6.9000000E+01  1.3076700E-11  1.4190400E-11 
 7.0000000E+01  1.0546800E-11  1.3266600E-11 
 7.1000000E+01  1.0661100E-11  1.3658400E-11 
 7.2000000E+01  1.1921000E-11  1.4023400E-11 
 7.3000000E+01  1.2871600E-11  1.3910200E-11 
 7.4000000E+01  1.1289600E-11  1.3963700E-11 
 7.5000000E+01  1.2400600E-11  1.3585200E-11 
 7.6000000E+01  1.1250100E-11  1.4520300E-11 
 7.7000000E+01  1.2185500E-11  1.3032000E-11 
 7.8000000E+01  1.1509500E-11  1.3553600E-11 
 7.9000000E+01  1.1392200E-11  1.3299600E-11 
 8.0000000E+01  1.2158000E-11  1.3672500E-11 
 8.1000000E+01  1.0644900E-11  1.2921400E-11 
 8.2000000E+01  1.1730500E-11  1.4312500E-11 
 8.3000000E+01  1.0902200E-11  1.3884700E-11 
 8.4000000E+01  1.3351000E-11  1.2554600E-11 
 8.5000000E+01  1.1058100E-11  1.4188000E-11 
 8.6000000E+01  1.1043400E-11  1.3618900E-11 
 8.7000000E+01  1.3812000E-11  1.4771900E-11 
 8.8000000E+01  1.1407300E-11  1.2731600E-11 
 8.9000000E+01  1.1540000E-11  1.3834700E-11 
 9.0000000E+01  1.1973100E-11  1.3782100E-11 
 9.1000000E+01  1.0378200E-11  1.2272800E-11 
 9.2000000E+01  1.4015900E-11  1.3260200E-11 
 9.3000000E+01  1.1103600E-11  1.3792200E-11 
 9.4000000E+01  1.1013100E-11  1.3674000E-11 
 9.5000000E+01  1.1574900E-11  1.3357800E-11 
 9.6000000E+01  1.2740600E-11  1.4174900E-11 
 9.7000000E+01  1.2008200E-11  1.5704800E-11 
 9.8000000E+01  1.1456400E-11  1.2394700E-11 
 9.9000000E+01  1.1127300E-11  1.4965900E-11 
 1.0000000E+02  1.2246100E-11  1.3287600E-11 
 1.0100000E+02  1.1049800E-11  1.3357100E-11 
 1.0200000E+02  1.0732900E-11  1.3445500E-11 
 1.0300000E+02  1.0148400E-11  1.3544700E-11 
 1.0400000E+02  1.0229100E-11  1.4750300E-11 
 1.0500000E+02  1.0493500E-11  1.1917600E-11 
 1.0600000E+02  1.2572200E-11  1.4509100E-11 
 1.0700000E+02  1.2850000E-11  1.2480000E-11 
 1.0800000E+02  1.1390700E-11  1.3568100E-11 
 1.0900000E+02  1.2634100E-11  1.3867600E-11 
 1.1000000E+02  1.2027900E-11  1.3507700E-11 
 1.1100000E+02  1.2565000E-11  1.3356100E-11 
 1.1200000E+02  1.1002000E-11  1.2654300E-11 
 1.1300000E+02  1.2852500E-11  1.3006900E-11 
 1.1400000E+02  1.3559600E-11  1.2756700E-11 
 1.1500000E+02  1.0125700E-11  1.3363800E-11 
 1.1600000E+02  1.0524200E-11  1.4063100E-11 
 1.1700000E+02  1.2104300E-11  1.3674600E-11 
 1.1800000E+02  1.1810100E-11  1.4233000E-11 
 1.1900000E+02  1.2316500E-11  1.4327400E-11 
 1.2000000E+02  1.1864300E-11  1.4862900E-11 
 1.2100000E+02  1.1431100E-11  1.3950500E-11 
 1.2200000E+02  1.2318100E-11  1.1054300E-11 
 1.2300000E+02  1.1642200E-11  1.2954300E-11 
 1.2400000E+02  1.0422800E-11  1.2102800E-11 
 1.2500000E+02  1.0060400E-11  1.3393300E-11 
 1.2600000E+02  1.2942700E-11  1.5011000E-11 
 1.2700000E+02  1.0672900E-11  1.3154500E-11 
 1.2800000E+02  1.1456700E-11  1.5311200E-11 
 1.2900000E+02  1.1972900E-11  1.3674600E-11 
 1.3000000E+02  1.3521100E-11  1.2652300E-11 
 1.3100000E+02  1.2464000E-11  1.4575500E-11 
 1.3200000E+02  1.0977100E-11  1.6476200E-11 
 1.3300000E+02  9.8784300E-12  1.4892700E-11 
 1.3400000E+02  1.1679400E-11  1.3896600E-11 
 1.3500000E+02  1.3688100E-11  1.3891900E-11 
 1.3600000E+02  1.2980400E-11  1.4332000E-11 
 1.3700000E+02  1.1656500E-11  1.2735500E-11 
 1.3800000E+02  1.0952400E-11  1.3231900E-11 
 1.3900000E+02  1.1522400E-11  1.3051500E-11 
 1.4000000E+02  1.1289000E-11  1.3683200E-11 
 1.4100000E+02  1.1629900E-11  1.4186900E-11 
 1.4200000E+02  1.2659700E-11  1.2261600E-11 
 1.4300000E+02  1.1507100E-11  1.3933300E-11 
 1.4400000E+02  1.0910100E-11  1.2992900E-11 
 1.4500000E+02  1.2693600E-11  1.4201900E-11 
 1.4600000E+02  1.2203300E-11  1.2739200E-11 
 1.4700000E+02  1.0438600E-11  1.3399900E-11 
 1.4800000E+02  1.2023900E-11  1.3412800E-11 
 1.4900000E+02  1.1347700E-11  1.3945400E-11 
 1.5000000E+02  1.1353100E-11  1.4637800E-11 
 1.5100000E+02  9.9596200E-12  1.2598700E-11 
 1.5200000E+02  1.2108000E-11  1.3827100E-11 
 1.5300000E+02  1.2359300E-11  1.5340400E-11 
 1.5400000E+02  1.1723400E-11  1.4589100E-11 
 1.5500000E+02  1.1535600E-11  1.4684800E-11 
 1.5600000E+02  1.1218200E-11  1.4778300E-11 
 1.5700000E+02  1.2226200E-11  1.4359100E-11 
 1.5800000E+02  1.1716000E-11  1.4795600E-11 
 1.5900000E+02  1.1380900E-11  1.3128500E-11 
 1.6000000E+02  1.0901700E-11  1.4917400E-11 
 1.6100000E+02  1.0079900E-11  1.4449900E-11 
 1.6200000E+02  1.0885900E-11  1.4579300E-11 
 1.6300000E+02  1.1820700E-11  1.3615700E-11 
 1.6400000E+02  1.2191100E-11  1.3335900E-11 
 1.6500000E+02  1.1035500E-11  1.4314000E-11 
 1.6600000E+02  1.3125900E-11  1.2753900E-11 
 1.6700000E+02  1.1973400E-11  1.3984700E-11 
 1.6800000E+02  1.1893400E-11  1.2761400E-11 
 1.6900000E+02  1.1115900E-11  1.2959300E-11 
 1.7000000E+02  1.0186900E-11  1.5379200E-11 
 1.7100000E+02  1.1675100E-11  1.4696800E-11 
 1.7200000E+02  1.1863000E-11  1.3336600E-11 
 1.7300000E+02  1.0354700E-11  1.3082100E-11 
 1.7400000E+02  1.1851000E-11  1.4016100E-11 
 1.7500000E+02  1.1021700E-11  1.2846800E-11 
 1.7600000E+02  1.2289700E-11  1.2311800E-11 
 1.7700000E+02  1.0796400E-11  1.3622600E-11 
 1.7800000E+02  1.0115400E-11  1.2918300E-11 
 1.7900000E+02  1.2369100E-11  1.3258000E-11 
 1.8000000E+02  1.0727400E-11  1.3798100E-11 
 1.8100000E+02  1.1933400E-11  1.2694400E-11 
 1.8200000E+02  1.0018000E-11  1.3820500E-11 
 1.8300000E+02  1.1334300E-11  1.3057000E-11 
 1.8400000E+02  1.0739200E-11  1.4576200E-11 
 1.8500000E+02  1.0637400E-11  1.2901200E-11 
 1.8600000E+02  1.1451800E-11  1.3667900E-11 
 1.8700000E+02  1.1175800E-11  1.3771400E-11 
 1.8800000E+02  9.5815400E-12  1.4278800E-11 
 1.8900000E+02  1.0765400E-11  1.2791500E-11 
 1.9000000E+02  1.1250300E-11  1.3606700E-11 
 1.9100000E+02  1.0539800E-11  1.4376300E-11 
 1.9200000E+02  1.0628100E-11  1.4481100E-11 
 1.9300000E+02  1.1708400E-11  1.2536800E-11 
 1.9400000E+02  1.1096900E-11  1.3923500E-11 
 1.9500000E+02  1.1224000E-11  1.3598800E-11 
 1.9600000E+02  1.0519600E-11  1.4320200E-11 
 1.9700000E+02  1.1091800E-11  1.3395300E-11 
 1.9800000E+02  1.1959400E-11  1.4422000E-11 
 1.9900000E+02  1.1535000E-11  1.4438900E-11 
 2.0000000E+02  1.1075900E-11  1.4569100E-11 
 2.0100000E+02  1.2840300E-11  1.5877000E-11 
 2.0200000E+02  1.0877300E-11  1.4558000E-11 
 2.0300000E+02  1.0471400E-11  1.4354600E-11 
 2.0400000E+02  1.2754300E-11  1.2721600E-11 
 2.0500000E+02  1.3637100E-11  1.3148400E-11 
 2.0600000E+02  1.0904700E-11  1.4138500E-11 
 2.0700000E+02  1.1274700E-11  1.3732500E-11 
 2.0800000E+02  1.1872600E-11  1.3007100E-11 
 2.0900000E+02  1.0215300E-11  1.4470600E-11 
 2.1000000E+02  1.1398300E-11  1.4566900E-11 
 2.1100000E+02  1.1554100E-11  1.4819400E-11 
 2.1200000E+02  1.2619900E-11  1.4948800E-11 
 2.1300000E+02  1.4220300E-11  1.4038100E-11 
 2.1400000E+02  1.1497600E-11  1.3097100E-11 
 2.1500000E+02  1.1824700E-11  1.2950700E-11 
 2.1600000E+02  1.1874300E-11  1.3340700E-11 
 2.1700000E+02  1.2701800E-11  1.5477900E-11 
 2.1800000E+02  1.1508800E-11  1.4079400E-11 
 2.1900000E+02  1.1503600E-11  1.2919900E-11 
 2.2000000E+02  1.1758800E-11  1.3262900E-11 
 2.2100000E+02  1.0690500E-11  1.2834700E-11 
 2.2200000E+02  1.1407500E-11  1.3707700E-11 
 2.2300000E+02  1.1750100E-11  1.4023600E-11 
 2.2400000E+02  1.2300600E-11  1.5646700E-11 
 2.2500000E+02  1.1521300E-11  1.4012300E-11 
 2.2600000E+02  1.3279800E-11  1.2732000E-11 
 2.2700000E+02  1.1084600E-11  1.4024000E-11 
 2.2800000E+02  1.0642400E-11  1.4689000E-11 
 2.2900000E+02  1.0445700E-11  1.3208000E-11 
 2.3000000E+02  9.7992700E-12  1.2536200E-11 
 2.3100000E+02  1.0641600E-11  1.6751200E-11 
 2.3200000E+02  1.1472500E-11  1.2840400E-11 
 2.3300000E+02  1.3121100E-11  1.2321100E-11 
 2.3400000E+02  1.0226800E-11  1.4093800E-11 
 2.3500000E+02  1.0398000E-11  1.4079400E-11 
 2.3600000E+02  1.1383500E-11  1.3224300E-11 
 2.3700000E+02  1.0278600E-11  1.2683100E-11 
 2.3800000E+02  1.1476400E-11  1.3884400E-11 
 2.3900000E+02  1.0347900E-11  1.3101800E-11 
 2.4000000E+02  1.1209300E-11  1.3078700E-11 
 2.4100000E+02  1.0233000E-11  1.3764400E-11 
 2.4200000E+02  1.1836800E-11  1.3582000E-11 
 2.4300000E+02  1.1734000E-11  1.4650300E-11 
 2.4400000E+02  1.2025300E-11  1.2958300E-11 
 2.4500000E+02  1.1780600E-11  1.4219900E-11 
 2.4600000E+02  1.2012200E-11  1.4106800E-11 
 2.4700000E+02  1.0695700E-11  1.4655000E-11 
 2.4800000E+02  1.1660200E-11  1.4796900E-11 
 2.4900000E+02  1.1608400E-11  1.3927400E-11 
 2.5000000E+02  1.1867400E-11  1.3169200E-11 
 2.5100000E+02  1.0731200E-11  1.3448200E-11 
 2.5200000E+02  1.2102800E-11  1.3872300E-11 
 2.5300000E+02  1.1071100E-11  1.3538300E-11 
 2.5400000E+02  1.1499800E-11  1.2779200E-11 
 2.5500000E+02  1.0935100E-11  1.3786700E-11 
 2.5600000E+02  1.1973800E-11  1.3468700E-11 
 2.5700000E+02  1.0072600E-11  1.4848400E-11 
 2.5800000E+02  1.3540700E-11  1.4638700E-11 
 2.5900000E+02  1.1418100E-11  1.5315500E-11 
 2.6000000E+02  1.1791400E-11  1.3038300E-11 
 2.6100000E+02  1.0177600E-11  1.2111000E-11 
 2.6200000E+02  1.3069200E-11  1.2334600E-11 
 2.6300000E+02  1.2659800E-11  1.3764600E-11 
 2.6400000E+02  1.2714600E-11  1.5393700E-11 
 2.6500000E+02  1.1516000E-11  1.2528900E-11 
 2.6600000E+02  1.1255700E-11  1.4021000E-11 
 2.6700000E+02  1.1526800E-11  1.3932800E-11 
 2.6800000E+02  1.1920900E-11  1.2884200E-11 
 2.6900000E+02  1.1983700E-11  1.2947600E-11 
 2.7000000E+02  1.0935400E-11  1.4624200E-11 
 2.7100000E+02  1.0364700E-11  1.4641800E-11 
 2.7200000E+02  1.1413000E-11  1.4249200E-11 
 2.7300000E+02  1.0817000E-11  1.3784600E-11 
 2.7400000E+02  1.0776700E-11  1.3173800E-11 
 2.7500000E+02  1.1027100E-11  1.4402200E-11 
 2.7600000E+02  1.1577700E-11  1.3676700E-11 
 2.7700000E+02  1.2019400E-11  1.3981200E-11 
 2.7800000E+02  1.1961000E-11  1.4243100E-11 
 2.7900000E+02  1.1745700E-11  1.3290600E-11 
 2.8000000E+02  1.2165700E-11  1.2625900E-11 
 2.8100000E+02  9.6446500E-12  1.3897200E-11 
 2.8200000E+02  1.2085900E-11  1.3873000E-11 
 2.8300000E+02  9.9080900E-12  1.4053100E-11 
 2.8400000E+02  1.3171000E-11  1.2003600E-11 
 2.8500000E+02  1.0873100E-11  1.4307400E-11 
 2.8600000E+02  1.1642400E-11  1.3218200E-11 
 2.8700000E+02  1.0400900E-11  1.3257600E-11 
 2.8800000E+02  9.8269800E-12  1.2823300E-11 
 2.8900000E+02  1.1034700E-11  1.4463700E-11 
 2.9000000E+02  1.1351200E-11  1.3823200E-11 
 2.9100000E+02  1.1556100E-11  1.4737000E-11 
 2.9200000E+02  1.0356000E-11  1.3283800E-11 
 2.9300000E+02  1.2391700E-11  1.2933600E-11 
 2.9400000E+02  1.0838800E-11  1.3624600E-11 
 2.9500000E+02  1.1448500E-11  1.2365900E-11 
 2.9600000E+02  1.0975100E-11  1.3016100E-11 
 2.9700000E+02  1.0833600E-11  1.4220200E-11 
 2.9800000E+02  1.0757600E-11  1.3408600E-11 
 2.9900000E+02  1.0597000E-11  1.5017800E-11 
 3.0000000E+02  1.1574000E-11  1.2210500E-11 
