#format table ## [Custom WaveView] saved 20:27:14 Tue Mar 21 2017
XVAL inv_delay 
 1.00000E+00  2.68700E-10 
 2.00000E+00  1.44200E-10 
 3.00000E+00  6.73000E-10 
 4.00000E+00  3.22600E-10 
 5.00000E+00  3.48000E-10 
 6.00000E+00  2.87000E-10 
 7.00000E+00  2.33800E-10 
 8.00000E+00  1.00900E-10 
 9.00000E+00  2.51000E-10 
 1.00000E+01  8.86200E-11 
 1.10000E+01  2.48700E-10 
 1.20000E+01  1.54800E-10 
 1.30000E+01  2.27800E-10 
 1.40000E+01  2.57000E-10 
 1.50000E+01  8.29000E-10 
 1.60000E+01  1.70100E-10 
 1.70000E+01  8.39800E-11 
 1.80000E+01  1.53400E-10 
 1.90000E+01  1.14600E-09 
 2.00000E+01  2.25800E-10 
 2.10000E+01  2.76200E-10 
 2.20000E+01  5.39200E-10 
 2.30000E+01  2.32400E-10 
 2.40000E+01  2.03800E-10 
 2.50000E+01  3.06400E-10 
 2.60000E+01  3.50000E-10 
 2.70000E+01  2.52300E-10 
 2.80000E+01  5.51000E-10 
 2.90000E+01  1.78100E-10 
 3.00000E+01  3.24000E-10 
 3.10000E+01  4.46000E-10 
 3.20000E+01  3.80600E-10 
 3.30000E+01  1.19200E-09 
 3.40000E+01  3.98900E-10 
 3.50000E+01  1.00400E-09 
 3.60000E+01  3.00200E-10 
 3.70000E+01  1.24200E-10 
 3.80000E+01  3.44600E-10 
 3.90000E+01  3.84500E-10 
 4.00000E+01  2.55400E-10 
 4.10000E+01  2.18600E-10 
 4.20000E+01  1.92400E-10 
 4.30000E+01  5.90700E-10 
 4.40000E+01  8.68100E-11 
 4.50000E+01  1.02100E-10 
 4.60000E+01  9.66400E-11 
 4.70000E+01  1.42600E-10 
 4.80000E+01  2.49000E-10 
 4.90000E+01  1.05000E-09 
 5.00000E+01  3.26800E-10 
 5.10000E+01  3.80600E-10 
 5.20000E+01  3.42000E-10 
 5.30000E+01  2.99900E-10 
 5.40000E+01  3.02700E-10 
 5.50000E+01  1.46400E-10 
 5.60000E+01  5.16400E-10 
 5.70000E+01  5.17600E-10 
 5.80000E+01  5.43600E-10 
 5.90000E+01  1.55200E-10 
 6.00000E+01  1.38200E-10 
 6.10000E+01  4.47500E-10 
 6.20000E+01  3.75300E-10 
 6.30000E+01  3.38200E-10 
 6.40000E+01  2.39500E-10 
 6.50000E+01  4.16700E-10 
 6.60000E+01  3.13800E-10 
 6.70000E+01  1.42200E-10 
 6.80000E+01  1.15300E-09 
 6.90000E+01  4.49700E-10 
 7.00000E+01  9.78500E-11 
 7.10000E+01  4.83500E-10 
 7.20000E+01  1.88300E-10 
 7.30000E+01  1.76400E-09 
 7.40000E+01  4.23600E-10 
 7.50000E+01  1.21500E-10 
 7.60000E+01  3.56000E-10 
 7.70000E+01  3.85100E-10 
 7.80000E+01  2.07400E-10 
 7.90000E+01  5.29600E-10 
 8.00000E+01  9.00700E-11 
 8.10000E+01  2.76900E-10 
 8.20000E+01  3.54900E-10 
 8.30000E+01  1.21800E-10 
 8.40000E+01  4.88400E-10 
 8.50000E+01  3.74300E-10 
 8.60000E+01  2.01200E-10 
 8.70000E+01  3.74900E-10 
 8.80000E+01  4.80500E-10 
 8.90000E+01  2.46700E-10 
 9.00000E+01  2.55200E-10 
 9.10000E+01  2.69200E-10 
 9.20000E+01  1.01200E-10 
 9.30000E+01  2.86900E-10 
 9.40000E+01  1.12200E-10 
 9.50000E+01  3.49100E-10 
 9.60000E+01  8.39900E-10 
 9.70000E+01  3.97100E-10 
 9.80000E+01  1.54500E-10 
 9.90000E+01  1.17600E-10 
 1.00000E+02  1.27900E-10 
 1.01000E+02  3.25800E-10 
 1.02000E+02  1.99700E-10 
 1.03000E+02  2.50700E-10 
 1.04000E+02  5.25500E-10 
 1.05000E+02  2.10300E-10 
 1.06000E+02  4.41600E-10 
 1.07000E+02  4.04800E-10 
 1.08000E+02  7.47000E-10 
 1.09000E+02  1.80200E-10 
 1.10000E+02  2.85800E-10 
 1.11000E+02  1.54700E-10 
 1.12000E+02  2.58000E-10 
 1.13000E+02  4.58500E-10 
 1.14000E+02  4.95100E-10 
 1.15000E+02  1.08200E-10 
 1.16000E+02  2.60100E-10 
 1.17000E+02  4.50600E-10 
 1.18000E+02  6.32700E-10 
 1.19000E+02  2.00700E-10 
 1.20000E+02  3.71600E-10 
 1.21000E+02  1.93400E-10 
 1.22000E+02  2.91500E-10 
 1.23000E+02  5.53800E-10 
 1.24000E+02  6.87700E-11 
 1.25000E+02  1.93500E-10 
 1.26000E+02  2.24600E-10 
 1.27000E+02  1.75200E-10 
 1.28000E+02  2.81300E-10 
 1.29000E+02  1.11700E-10 
 1.30000E+02  4.06100E-10 
 1.31000E+02  1.44900E-10 
 1.32000E+02  1.67600E-10 
 1.33000E+02  3.11800E-10 
 1.34000E+02  2.03100E-10 
 1.35000E+02  3.18500E-10 
 1.36000E+02  2.55800E-10 
 1.37000E+02  1.51400E-10 
 1.38000E+02  2.53900E-10 
 1.39000E+02  1.31100E-09 
 1.40000E+02  3.72200E-10 
 1.41000E+02  7.46800E-10 
 1.42000E+02  4.19800E-10 
 1.43000E+02  3.03800E-10 
 1.44000E+02  1.87800E-10 
 1.45000E+02  7.43200E-10 
 1.46000E+02  4.87700E-10 
 1.47000E+02  3.64600E-10 
 1.48000E+02  4.48000E-10 
 1.49000E+02  8.39000E-10 
 1.50000E+02  1.53300E-10 
 1.51000E+02  3.30800E-10 
 1.52000E+02  9.64300E-11 
 1.53000E+02  4.53400E-10 
 1.54000E+02  4.66500E-10 
 1.55000E+02  2.17100E-10 
 1.56000E+02  2.99200E-10 
 1.57000E+02  1.46300E-10 
 1.58000E+02  1.04800E-09 
 1.59000E+02  2.61200E-10 
 1.60000E+02  4.02600E-10 
 1.61000E+02  2.31900E-10 
 1.62000E+02  1.79000E-10 
 1.63000E+02  3.09700E-10 
 1.64000E+02  1.67100E-10 
 1.65000E+02  3.26100E-10 
 1.66000E+02  1.71400E-09 
 1.67000E+02  2.19500E-10 
 1.68000E+02  1.76800E-10 
 1.69000E+02  4.52200E-10 
 1.70000E+02  3.25700E-10 
 1.71000E+02  1.96300E-10 
 1.72000E+02  2.11000E-10 
 1.73000E+02  2.03800E-10 
 1.74000E+02  1.16200E-10 
 1.75000E+02  3.01200E-10 
 1.76000E+02  2.11900E-10 
 1.77000E+02  1.23600E-09 
 1.78000E+02  1.85400E-10 
 1.79000E+02  2.51900E-10 
 1.80000E+02  3.67900E-10 
 1.81000E+02  7.41100E-10 
 1.82000E+02  1.92100E-10 
 1.83000E+02  1.47400E-10 
 1.84000E+02  7.91800E-10 
 1.85000E+02  1.17600E-09 
 1.86000E+02  4.07700E-10 
 1.87000E+02  2.93300E-10 
 1.88000E+02  2.54700E-10 
 1.89000E+02  2.44500E-10 
 1.90000E+02  5.88500E-10 
 1.91000E+02  2.38500E-10 
 1.92000E+02  1.21600E-10 
 1.93000E+02  4.48500E-10 
 1.94000E+02  2.50900E-10 
 1.95000E+02  6.03500E-10 
 1.96000E+02  2.74300E-10 
 1.97000E+02  3.37600E-10 
 1.98000E+02  4.17600E-10 
 1.99000E+02  9.93300E-10 
 2.00000E+02  2.80700E-10 
 2.01000E+02  5.26600E-10 
 2.02000E+02  3.32700E-10 
 2.03000E+02  2.16200E-10 
 2.04000E+02  4.42900E-10 
 2.05000E+02  9.76100E-11 
 2.06000E+02  3.06600E-10 
 2.07000E+02  5.03400E-10 
 2.08000E+02  2.56400E-10 
 2.09000E+02  4.34900E-10 
 2.10000E+02  3.00400E-10 
 2.11000E+02  2.95300E-10 
 2.12000E+02  1.00900E-09 
 2.13000E+02  1.63500E-10 
 2.14000E+02  5.86000E-10 
 2.15000E+02  2.91000E-10 
 2.16000E+02  2.19000E-10 
 2.17000E+02  4.86500E-10 
 2.18000E+02  1.79600E-10 
 2.19000E+02  4.10300E-10 
 2.20000E+02  3.19400E-10 
 2.21000E+02  3.02200E-10 
 2.22000E+02  4.55500E-10 
 2.23000E+02  5.48600E-10 
 2.24000E+02  6.88400E-10 
 2.25000E+02  2.75700E-10 
 2.26000E+02  2.57400E-10 
 2.27000E+02  1.40500E-10 
 2.28000E+02  4.75800E-10 
 2.29000E+02  7.66800E-10 
 2.30000E+02  2.41800E-10 
 2.31000E+02  1.78100E-10 
 2.32000E+02  2.89100E-10 
 2.33000E+02  4.65900E-10 
 2.34000E+02  4.55500E-10 
 2.35000E+02  2.03200E-10 
 2.36000E+02  9.39400E-10 
 2.37000E+02  1.97800E-10 
 2.38000E+02  5.48900E-10 
 2.39000E+02  3.53500E-10 
 2.40000E+02  1.52600E-10 
 2.41000E+02  2.57300E-10 
 2.42000E+02  5.46500E-10 
 2.43000E+02  3.59000E-10 
 2.44000E+02  1.77200E-10 
 2.45000E+02  1.54400E-10 
 2.46000E+02  2.74000E-10 
 2.47000E+02  1.81700E-10 
 2.48000E+02  1.07400E-10 
 2.49000E+02  1.40400E-09 
 2.50000E+02  1.88400E-10 
 2.51000E+02  8.04100E-11 
 2.52000E+02  4.51500E-10 
 2.53000E+02  2.93700E-10 
 2.54000E+02  1.35400E-10 
 2.55000E+02  2.03100E-10 
 2.56000E+02  6.23000E-10 
 2.57000E+02  4.29200E-10 
 2.58000E+02  3.18400E-10 
 2.59000E+02  5.78600E-10 
 2.60000E+02  1.79000E-10 
 2.61000E+02  6.14100E-10 
 2.62000E+02  7.06600E-10 
 2.63000E+02  2.54400E-10 
 2.64000E+02  4.42700E-10 
 2.65000E+02  6.47100E-10 
 2.66000E+02  1.34800E-10 
 2.67000E+02  2.20400E-10 
 2.68000E+02  9.37200E-10 
 2.69000E+02  2.95500E-10 
 2.70000E+02  2.01600E-10 
 2.71000E+02  1.14200E-10 
 2.72000E+02  9.19500E-11 
 2.73000E+02  1.45200E-10 
 2.74000E+02  2.26800E-10 
 2.75000E+02  4.86600E-10 
 2.76000E+02  1.53400E-10 
 2.77000E+02  3.69100E-10 
 2.78000E+02  3.10200E-10 
 2.79000E+02  2.51000E-10 
 2.80000E+02  2.32100E-10 
 2.81000E+02  1.60700E-10 
 2.82000E+02  2.81600E-10 
 2.83000E+02  2.35400E-10 
 2.84000E+02  1.85300E-10 
 2.85000E+02  2.15400E-10 
 2.86000E+02  1.59000E-10 
 2.87000E+02  9.50200E-10 
 2.88000E+02  3.11200E-10 
 2.89000E+02  1.39500E-10 
 2.90000E+02  2.33900E-10 
 2.91000E+02  3.57200E-10 
 2.92000E+02  3.09900E-10 
 2.93000E+02  8.58900E-10 
 2.94000E+02  3.02700E-10 
 2.95000E+02  3.52400E-10 
 2.96000E+02  1.52500E-10 
 2.97000E+02  2.51400E-10 
 2.98000E+02  2.94400E-10 
 2.99000E+02  1.14700E-10 
 3.00000E+02  1.40300E-10 
