#format table ## [Custom WaveView] saved 20:29:51 Tue Mar 21 2017
XVAL inv_delay 
 1.00000E+00  6.54900E-11 
 2.00000E+00  4.65100E-11 
 3.00000E+00  1.14500E-10 
 4.00000E+00  7.30800E-11 
 5.00000E+00  7.67000E-11 
 6.00000E+00  6.79300E-11 
 7.00000E+00  6.07700E-11 
 8.00000E+00  3.78800E-11 
 9.00000E+00  6.32200E-11 
 1.00000E+01  3.58900E-11 
 1.10000E+01  6.28500E-11 
 1.20000E+01  4.85400E-11 
 1.30000E+01  5.99400E-11 
 1.40000E+01  6.40800E-11 
 1.50000E+01  1.31000E-10 
 1.60000E+01  5.11700E-11 
 1.70000E+01  3.49300E-11 
 1.80000E+01  4.82400E-11 
 1.90000E+01  1.62000E-10 
 2.00000E+01  5.96300E-11 
 2.10000E+01  6.65300E-11 
 2.20000E+01  9.92700E-11 
 2.30000E+01  6.05900E-11 
 2.40000E+01  5.64200E-11 
 2.50000E+01  7.04900E-11 
 2.60000E+01  7.69600E-11 
 2.70000E+01  6.33900E-11 
 2.80000E+01  1.00500E-10 
 2.90000E+01  5.24700E-11 
 3.00000E+01  7.33000E-11 
 3.10000E+01  8.71500E-11 
 3.20000E+01  8.07200E-11 
 3.30000E+01  1.66900E-10 
 3.40000E+01  8.29200E-11 
 3.50000E+01  1.47300E-10 
 3.60000E+01  6.96400E-11 
 3.70000E+01  4.23600E-11 
 3.80000E+01  7.62100E-11 
 3.90000E+01  8.11800E-11 
 4.00000E+01  6.38200E-11 
 4.10000E+01  5.86300E-11 
 4.20000E+01  5.46800E-11 
 4.30000E+01  1.05100E-10 
 4.40000E+01  3.63300E-11 
 4.50000E+01  3.80400E-11 
 4.60000E+01  3.72800E-11 
 4.70000E+01  4.61300E-11 
 4.80000E+01  6.30200E-11 
 4.90000E+01  1.51600E-10 
 5.00000E+01  7.36900E-11 
 5.10000E+01  8.07300E-11 
 5.20000E+01  7.58300E-11 
 5.30000E+01  6.95700E-11 
 5.40000E+01  6.99500E-11 
 5.50000E+01  4.68700E-11 
 5.60000E+01  9.62800E-11 
 5.70000E+01  9.64300E-11 
 5.80000E+01  9.98100E-11 
 5.90000E+01  4.86900E-11 
 6.00000E+01  4.53200E-11 
 6.10000E+01  8.73100E-11 
 6.20000E+01  8.01500E-11 
 6.30000E+01  7.53100E-11 
 6.40000E+01  6.15800E-11 
 6.50000E+01  8.39500E-11 
 6.60000E+01  7.13500E-11 
 6.70000E+01  4.62800E-11 
 6.80000E+01  1.62700E-10 
 6.90000E+01  8.75900E-11 
 7.00000E+01  3.74300E-11 
 7.10000E+01  9.18600E-11 
 7.20000E+01  5.40800E-11 
 7.30000E+01  2.21400E-10 
 7.40000E+01  8.47000E-11 
 7.50000E+01  4.17700E-11 
 7.60000E+01  7.77300E-11 
 7.70000E+01  8.12600E-11 
 7.80000E+01  5.69500E-11 
 7.90000E+01  9.79900E-11 
 8.00000E+01  3.63300E-11 
 8.10000E+01  6.65800E-11 
 8.20000E+01  7.76600E-11 
 8.30000E+01  4.18200E-11 
 8.40000E+01  9.25300E-11 
 8.50000E+01  7.99600E-11 
 8.60000E+01  5.60000E-11 
 8.70000E+01  8.00600E-11 
 8.80000E+01  9.14700E-11 
 8.90000E+01  6.25800E-11 
 9.00000E+01  6.38100E-11 
 9.10000E+01  6.55500E-11 
 9.20000E+01  3.80000E-11 
 9.30000E+01  6.79900E-11 
 9.40000E+01  3.97900E-11 
 9.50000E+01  7.67900E-11 
 9.60000E+01  1.31900E-10 
 9.70000E+01  8.26900E-11 
 9.80000E+01  4.84500E-11 
 9.90000E+01  4.07800E-11 
 1.00000E+02  4.31300E-11 
 1.01000E+02  7.35800E-11 
 1.02000E+02  5.58100E-11 
 1.03000E+02  6.31500E-11 
 1.04000E+02  9.74600E-11 
 1.05000E+02  5.75000E-11 
 1.06000E+02  8.66700E-11 
 1.07000E+02  8.36000E-11 
 1.08000E+02  1.22600E-10 
 1.09000E+02  5.28400E-11 
 1.10000E+02  6.77500E-11 
 1.11000E+02  4.85300E-11 
 1.12000E+02  6.41600E-11 
 1.13000E+02  8.85100E-11 
 1.14000E+02  9.34400E-11 
 1.15000E+02  3.91000E-11 
 1.16000E+02  6.44800E-11 
 1.17000E+02  8.76800E-11 
 1.18000E+02  1.09900E-10 
 1.19000E+02  5.60000E-11 
 1.20000E+02  7.96300E-11 
 1.21000E+02  5.48300E-11 
 1.22000E+02  6.85400E-11 
 1.23000E+02  1.00800E-10 
 1.24000E+02  3.13800E-11 
 1.25000E+02  5.49100E-11 
 1.26000E+02  5.94400E-11 
 1.27000E+02  5.20000E-11 
 1.28000E+02  6.72000E-11 
 1.29000E+02  3.95900E-11 
 1.30000E+02  8.37500E-11 
 1.31000E+02  4.66300E-11 
 1.32000E+02  5.08000E-11 
 1.33000E+02  7.13100E-11 
 1.34000E+02  5.63300E-11 
 1.35000E+02  7.25800E-11 
 1.36000E+02  6.38600E-11 
 1.37000E+02  4.78500E-11 
 1.38000E+02  6.36000E-11 
 1.39000E+02  1.78900E-10 
 1.40000E+02  7.97400E-11 
 1.41000E+02  1.22500E-10 
 1.42000E+02  8.43100E-11 
 1.43000E+02  7.00400E-11 
 1.44000E+02  5.39800E-11 
 1.45000E+02  1.22200E-10 
 1.46000E+02  9.24600E-11 
 1.47000E+02  7.88200E-11 
 1.48000E+02  8.73400E-11 
 1.49000E+02  1.31800E-10 
 1.50000E+02  4.82700E-11 
 1.51000E+02  7.42900E-11 
 1.52000E+02  3.75100E-11 
 1.53000E+02  8.79500E-11 
 1.54000E+02  8.95500E-11 
 1.55000E+02  5.84000E-11 
 1.56000E+02  6.95100E-11 
 1.57000E+02  4.68600E-11 
 1.58000E+02  1.51500E-10 
 1.59000E+02  6.46100E-11 
 1.60000E+02  8.33400E-11 
 1.61000E+02  6.05300E-11 
 1.62000E+02  5.27400E-11 
 1.63000E+02  7.08100E-11 
 1.64000E+02  5.07400E-11 
 1.65000E+02  7.36100E-11 
 1.66000E+02  2.16600E-10 
 1.67000E+02  5.87400E-11 
 1.68000E+02  5.23200E-11 
 1.69000E+02  8.78600E-11 
 1.70000E+02  7.35500E-11 
 1.71000E+02  5.52800E-11 
 1.72000E+02  5.74800E-11 
 1.73000E+02  5.63900E-11 
 1.74000E+02  4.04900E-11 
 1.75000E+02  6.98000E-11 
 1.76000E+02  5.76900E-11 
 1.77000E+02  1.71500E-10 
 1.78000E+02  5.35800E-11 
 1.79000E+02  6.33100E-11 
 1.80000E+02  7.91800E-11 
 1.81000E+02  1.22000E-10 
 1.82000E+02  5.46200E-11 
 1.83000E+02  4.70700E-11 
 1.84000E+02  1.27400E-10 
 1.85000E+02  1.65200E-10 
 1.86000E+02  8.39300E-11 
 1.87000E+02  6.87900E-11 
 1.88000E+02  6.37400E-11 
 1.89000E+02  6.24700E-11 
 1.90000E+02  1.04900E-10 
 1.91000E+02  6.15100E-11 
 1.92000E+02  4.17700E-11 
 1.93000E+02  8.74200E-11 
 1.94000E+02  6.31900E-11 
 1.95000E+02  1.06600E-10 
 1.96000E+02  6.62100E-11 
 1.97000E+02  7.52600E-11 
 1.98000E+02  8.40300E-11 
 1.99000E+02  1.46300E-10 
 2.00000E+02  6.70600E-11 
 2.01000E+02  9.76100E-11 
 2.02000E+02  7.45500E-11 
 2.03000E+02  5.82700E-11 
 2.04000E+02  8.67900E-11 
 2.05000E+02  3.76100E-11 
 2.06000E+02  7.05200E-11 
 2.07000E+02  9.45800E-11 
 2.08000E+02  6.39600E-11 
 2.09000E+02  8.59600E-11 
 2.10000E+02  6.96700E-11 
 2.11000E+02  6.90500E-11 
 2.12000E+02  1.47700E-10 
 2.13000E+02  5.01800E-11 
 2.14000E+02  1.04600E-10 
 2.15000E+02  6.84500E-11 
 2.16000E+02  5.86600E-11 
 2.17000E+02  9.22700E-11 
 2.18000E+02  5.26900E-11 
 2.19000E+02  8.31900E-11 
 2.20000E+02  7.26300E-11 
 2.21000E+02  6.99500E-11 
 2.22000E+02  8.81900E-11 
 2.23000E+02  1.00300E-10 
 2.24000E+02  1.16200E-10 
 2.25000E+02  6.64500E-11 
 2.26000E+02  6.41000E-11 
 2.27000E+02  4.56900E-11 
 2.28000E+02  9.08300E-11 
 2.29000E+02  1.24800E-10 
 2.30000E+02  6.19100E-11 
 2.31000E+02  5.25300E-11 
 2.32000E+02  6.82200E-11 
 2.33000E+02  8.95100E-11 
 2.34000E+02  8.81900E-11 
 2.35000E+02  5.63300E-11 
 2.36000E+02  1.41300E-10 
 2.37000E+02  5.55200E-11 
 2.38000E+02  1.00200E-10 
 2.39000E+02  7.74200E-11 
 2.40000E+02  4.81000E-11 
 2.41000E+02  6.41000E-11 
 2.42000E+02  1.00000E-10 
 2.43000E+02  7.81000E-11 
 2.44000E+02  5.23300E-11 
 2.45000E+02  4.84400E-11 
 2.46000E+02  6.62300E-11 
 2.47000E+02  5.30500E-11 
 2.48000E+02  3.89500E-11 
 2.49000E+02  1.88500E-10 
 2.50000E+02  5.40200E-11 
 2.51000E+02  3.42700E-11 
 2.52000E+02  8.78200E-11 
 2.53000E+02  6.88300E-11 
 2.54000E+02  4.46700E-11 
 2.55000E+02  5.63300E-11 
 2.56000E+02  1.08800E-10 
 2.57000E+02  8.53400E-11 
 2.58000E+02  7.25600E-11 
 2.59000E+02  1.03700E-10 
 2.60000E+02  5.26300E-11 
 2.61000E+02  1.07800E-10 
 2.62000E+02  1.18200E-10 
 2.63000E+02  6.37500E-11 
 2.64000E+02  8.67800E-11 
 2.65000E+02  1.11600E-10 
 2.66000E+02  4.45800E-11 
 2.67000E+02  5.89000E-11 
 2.68000E+02  1.41200E-10 
 2.69000E+02  6.90000E-11 
 2.70000E+02  5.60800E-11 
 2.71000E+02  4.01100E-11 
 2.72000E+02  3.64600E-11 
 2.73000E+02  4.66500E-11 
 2.74000E+02  5.97600E-11 
 2.75000E+02  9.22800E-11 
 2.76000E+02  4.82500E-11 
 2.77000E+02  7.93800E-11 
 2.78000E+02  7.09500E-11 
 2.79000E+02  6.32200E-11 
 2.80000E+02  6.05600E-11 
 2.81000E+02  4.96600E-11 
 2.82000E+02  6.72900E-11 
 2.83000E+02  6.10400E-11 
 2.84000E+02  5.36100E-11 
 2.85000E+02  5.82000E-11 
 2.86000E+02  4.93300E-11 
 2.87000E+02  1.42400E-10 
 2.88000E+02  7.09300E-11 
 2.89000E+02  4.55200E-11 
 2.90000E+02  6.07800E-11 
 2.91000E+02  7.79200E-11 
 2.92000E+02  7.08200E-11 
 2.93000E+02  1.33700E-10 
 2.94000E+02  6.99200E-11 
 2.95000E+02  7.72900E-11 
 2.96000E+02  4.80800E-11 
 2.97000E+02  6.32800E-11 
 2.98000E+02  6.88400E-11 
 2.99000E+02  4.00900E-11 
 3.00000E+02  4.56600E-11 
