#format table ## [Custom WaveView] saved 20:43:57 Tue Mar 21 2017
XVAL inv_delay 
 1.00000E+00  1.03300E-11 
 2.00000E+00  9.60400E-12 
 3.00000E+00  1.19100E-11 
 4.00000E+00  1.06500E-11 
 5.00000E+00  1.08000E-11 
 6.00000E+00  1.04200E-11 
 7.00000E+00  1.01700E-11 
 8.00000E+00  9.17300E-12 
 9.00000E+00  1.02600E-11 
 1.00000E+01  9.04200E-12 
 1.10000E+01  1.02400E-11 
 1.20000E+01  9.74500E-12 
 1.30000E+01  1.01500E-11 
 1.40000E+01  1.02900E-11 
 1.50000E+01  1.22600E-11 
 1.60000E+01  9.82000E-12 
 1.70000E+01  8.97600E-12 
 1.80000E+01  9.72500E-12 
 1.90000E+01  1.27500E-11 
 2.00000E+01  1.01300E-11 
 2.10000E+01  1.03600E-11 
 2.20000E+01  1.15600E-11 
 2.30000E+01  1.01700E-11 
 2.40000E+01  1.00200E-11 
 2.50000E+01  1.05600E-11 
 2.60000E+01  1.08100E-11 
 2.70000E+01  1.02600E-11 
 2.80000E+01  1.15900E-11 
 2.90000E+01  9.87400E-12 
 3.00000E+01  1.06600E-11 
 3.10000E+01  1.12300E-11 
 3.20000E+01  1.09500E-11 
 3.30000E+01  1.28200E-11 
 3.40000E+01  1.10400E-11 
 3.50000E+01  1.25500E-11 
 3.60000E+01  1.05100E-11 
 3.70000E+01  9.39200E-12 
 3.80000E+01  1.07800E-11 
 3.90000E+01  1.09600E-11 
 4.00000E+01  1.02700E-11 
 4.10000E+01  1.01000E-11 
 4.20000E+01  9.95600E-12 
 4.30000E+01  1.16900E-11 
 4.40000E+01  9.05700E-12 
 4.50000E+01  9.18500E-12 
 4.60000E+01  9.13200E-12 
 4.70000E+01  9.57300E-12 
 4.80000E+01  1.02500E-11 
 4.90000E+01  1.26100E-11 
 5.00000E+01  1.06700E-11 
 5.10000E+01  1.09500E-11 
 5.20000E+01  1.07600E-11 
 5.30000E+01  1.05100E-11 
 5.40000E+01  1.05300E-11 
 5.50000E+01  9.62800E-12 
 5.60000E+01  1.14900E-11 
 5.70000E+01  1.14900E-11 
 5.80000E+01  1.15700E-11 
 5.90000E+01  9.75800E-12 
 6.00000E+01  9.51600E-12 
 6.10000E+01  1.12300E-11 
 6.20000E+01  1.09400E-11 
 6.30000E+01  1.07400E-11 
 6.40000E+01  1.02000E-11 
 6.50000E+01  1.11200E-11 
 6.60000E+01  1.06000E-11 
 6.70000E+01  9.59800E-12 
 6.80000E+01  1.27600E-11 
 6.90000E+01  1.12400E-11 
 7.00000E+01  9.14300E-12 
 7.10000E+01  1.13600E-11 
 7.20000E+01  9.93700E-12 
 7.30000E+01  1.34200E-11 
 7.40000E+01  1.11400E-11 
 7.50000E+01  9.36700E-12 
 7.60000E+01  1.08300E-11 
 7.70000E+01  1.09700E-11 
 7.80000E+01  1.00400E-11 
 7.90000E+01  1.15100E-11 
 8.00000E+01  9.06800E-12 
 8.10000E+01  1.03600E-11 
 8.20000E+01  1.08400E-11 
 8.30000E+01  9.36900E-12 
 8.40000E+01  1.13800E-11 
 8.50000E+01  1.09200E-11 
 8.60000E+01  1.00100E-11 
 8.70000E+01  1.09300E-11 
 8.80000E+01  1.13600E-11 
 8.90000E+01  1.02300E-11 
 9.00000E+01  1.02800E-11 
 9.10000E+01  1.03300E-11 
 9.20000E+01  9.17800E-12 
 9.30000E+01  1.04300E-11 
 9.40000E+01  9.28700E-12 
 9.50000E+01  1.07900E-11 
 9.60000E+01  1.22700E-11 
 9.70000E+01  1.10300E-11 
 9.80000E+01  9.73900E-12 
 9.90000E+01  9.33600E-12 
 1.00000E+02  9.42400E-12 
 1.01000E+02  1.06700E-11 
 1.02000E+02  1.00000E-11 
 1.03000E+02  1.02500E-11 
 1.04000E+02  1.15100E-11 
 1.05000E+02  1.00700E-11 
 1.06000E+02  1.12100E-11 
 1.07000E+02  1.10600E-11 
 1.08000E+02  1.20900E-11 
 1.09000E+02  9.89000E-12 
 1.10000E+02  1.04100E-11 
 1.11000E+02  9.74400E-12 
 1.12000E+02  1.02900E-11 
 1.13000E+02  1.12700E-11 
 1.14000E+02  1.14100E-11 
 1.15000E+02  9.24600E-12 
 1.16000E+02  1.03000E-11 
 1.17000E+02  1.12500E-11 
 1.18000E+02  1.18100E-11 
 1.19000E+02  1.00100E-11 
 1.20000E+02  1.09100E-11 
 1.21000E+02  9.96300E-12 
 1.22000E+02  1.04600E-11 
 1.23000E+02  1.16000E-11 
 1.24000E+02  8.74800E-12 
 1.25000E+02  9.97000E-12 
 1.26000E+02  1.01300E-11 
 1.27000E+02  9.85300E-12 
 1.28000E+02  1.03900E-11 
 1.29000E+02  9.27700E-12 
 1.30000E+02  1.10700E-11 
 1.31000E+02  9.61100E-12 
 1.32000E+02  9.80500E-12 
 1.33000E+02  1.06000E-11 
 1.34000E+02  1.00200E-11 
 1.35000E+02  1.06300E-11 
 1.36000E+02  1.02800E-11 
 1.37000E+02  9.69800E-12 
 1.38000E+02  1.02700E-11 
 1.39000E+02  1.29500E-11 
 1.40000E+02  1.09200E-11 
 1.41000E+02  1.20800E-11 
 1.42000E+02  1.11300E-11 
 1.43000E+02  1.05300E-11 
 1.44000E+02  9.93200E-12 
 1.45000E+02  1.20800E-11 
 1.46000E+02  1.13900E-11 
 1.47000E+02  1.08800E-11 
 1.48000E+02  1.12300E-11 
 1.49000E+02  1.22600E-11 
 1.50000E+02  9.72600E-12 
 1.51000E+02  1.07000E-11 
 1.52000E+02  9.14600E-12 
 1.53000E+02  1.12500E-11 
 1.54000E+02  1.13000E-11 
 1.55000E+02  1.00900E-11 
 1.56000E+02  1.05000E-11 
 1.57000E+02  9.62700E-12 
 1.58000E+02  1.26100E-11 
 1.59000E+02  1.03000E-11 
 1.60000E+02  1.10500E-11 
 1.61000E+02  1.01700E-11 
 1.62000E+02  9.89000E-12 
 1.63000E+02  1.05700E-11 
 1.64000E+02  9.80400E-12 
 1.65000E+02  1.06800E-11 
 1.66000E+02  1.33600E-11 
 1.67000E+02  1.01000E-11 
 1.68000E+02  9.87000E-12 
 1.69000E+02  1.12500E-11 
 1.70000E+02  1.06700E-11 
 1.71000E+02  9.97900E-12 
 1.72000E+02  1.00600E-11 
 1.73000E+02  1.00200E-11 
 1.74000E+02  9.32800E-12 
 1.75000E+02  1.05200E-11 
 1.76000E+02  1.00700E-11 
 1.77000E+02  1.28800E-11 
 1.78000E+02  9.91500E-12 
 1.79000E+02  1.02600E-11 
 1.80000E+02  1.08900E-11 
 1.81000E+02  1.20800E-11 
 1.82000E+02  9.95500E-12 
 1.83000E+02  9.64100E-12 
 1.84000E+02  1.21800E-11 
 1.85000E+02  1.27900E-11 
 1.86000E+02  1.10700E-11 
 1.87000E+02  1.04700E-11 
 1.88000E+02  1.02700E-11 
 1.89000E+02  1.02400E-11 
 1.90000E+02  1.17000E-11 
 1.91000E+02  1.02000E-11 
 1.92000E+02  9.37300E-12 
 1.93000E+02  1.12400E-11 
 1.94000E+02  1.02500E-11 
 1.95000E+02  1.17300E-11 
 1.96000E+02  1.03500E-11 
 1.97000E+02  1.07500E-11 
 1.98000E+02  1.11200E-11 
 1.99000E+02  1.25300E-11 
 2.00000E+02  1.03800E-11 
 2.01000E+02  1.15200E-11 
 2.02000E+02  1.07100E-11 
 2.03000E+02  1.00900E-11 
 2.04000E+02  1.12100E-11 
 2.05000E+02  9.15200E-12 
 2.06000E+02  1.05600E-11 
 2.07000E+02  1.14500E-11 
 2.08000E+02  1.02800E-11 
 2.09000E+02  1.11900E-11 
 2.10000E+02  1.05100E-11 
 2.11000E+02  1.04800E-11 
 2.12000E+02  1.25600E-11 
 2.13000E+02  9.78200E-12 
 2.14000E+02  1.16900E-11 
 2.15000E+02  1.04500E-11 
 2.16000E+02  1.01000E-11 
 2.17000E+02  1.13800E-11 
 2.18000E+02  9.88100E-12 
 2.19000E+02  1.10800E-11 
 2.20000E+02  1.06300E-11 
 2.21000E+02  1.05300E-11 
 2.22000E+02  1.12600E-11 
 2.23000E+02  1.15900E-11 
 2.24000E+02  1.19600E-11 
 2.25000E+02  1.03600E-11 
 2.26000E+02  1.02800E-11 
 2.27000E+02  9.54000E-12 
 2.28000E+02  1.13400E-11 
 2.29000E+02  1.21400E-11 
 2.30000E+02  1.02100E-11 
 2.31000E+02  9.87900E-12 
 2.32000E+02  1.04400E-11 
 2.33000E+02  1.13100E-11 
 2.34000E+02  1.12600E-11 
 2.35000E+02  1.00200E-11 
 2.36000E+02  1.24400E-11 
 2.37000E+02  9.99000E-12 
 2.38000E+02  1.15700E-11 
 2.39000E+02  1.08200E-11 
 2.40000E+02  9.71400E-12 
 2.41000E+02  1.02800E-11 
 2.42000E+02  1.15800E-11 
 2.43000E+02  1.08500E-11 
 2.44000E+02  9.86700E-12 
 2.45000E+02  9.73800E-12 
 2.46000E+02  1.03500E-11 
 2.47000E+02  9.89700E-12 
 2.48000E+02  9.23800E-12 
 2.49000E+02  1.30900E-11 
 2.50000E+02  9.93200E-12 
 2.51000E+02  8.92400E-12 
 2.52000E+02  1.12600E-11 
 2.53000E+02  1.04700E-11 
 2.54000E+02  9.48400E-12 
 2.55000E+02  1.00200E-11 
 2.56000E+02  1.17900E-11 
 2.57000E+02  1.11600E-11 
 2.58000E+02  1.06300E-11 
 2.59000E+02  1.16700E-11 
 2.60000E+02  9.88000E-12 
 2.61000E+02  1.17700E-11 
 2.62000E+02  1.19900E-11 
 2.63000E+02  1.02800E-11 
 2.64000E+02  1.12100E-11 
 2.65000E+02  1.18600E-11 
 2.66000E+02  9.48200E-12 
 2.67000E+02  1.01100E-11 
 2.68000E+02  1.24400E-11 
 2.69000E+02  1.04800E-11 
 2.70000E+02  1.00100E-11 
 2.71000E+02  9.30600E-12 
 2.72000E+02  9.08300E-12 
 2.73000E+02  9.61100E-12 
 2.74000E+02  1.01400E-11 
 2.75000E+02  1.13700E-11 
 2.76000E+02  9.72400E-12 
 2.77000E+02  1.09100E-11 
 2.78000E+02  1.05800E-11 
 2.79000E+02  1.02600E-11 
 2.80000E+02  1.01700E-11 
 2.81000E+02  9.76100E-12 
 2.82000E+02  1.04000E-11 
 2.83000E+02  1.01900E-11 
 2.84000E+02  9.91800E-12 
 2.85000E+02  1.00900E-11 
 2.86000E+02  9.74700E-12 
 2.87000E+02  1.24600E-11 
 2.88000E+02  1.05800E-11 
 2.89000E+02  9.52800E-12 
 2.90000E+02  1.01700E-11 
 2.91000E+02  1.08500E-11 
 2.92000E+02  1.05700E-11 
 2.93000E+02  1.23000E-11 
 2.94000E+02  1.05200E-11 
 2.95000E+02  1.08200E-11 
 2.96000E+02  9.71300E-12 
 2.97000E+02  1.02600E-11 
 2.98000E+02  1.04700E-11 
 2.99000E+02  9.30600E-12 
 3.00000E+02  9.53700E-12 
