#format table ## [Custom WaveView] saved 20:39:09 Tue Mar 21 2017
XVAL inv_delay 
 1.00000E+00  1.53600E-11 
 2.00000E+00  1.37900E-11 
 3.00000E+00  1.77700E-11 
 4.00000E+00  1.58300E-11 
 5.00000E+00  1.60500E-11 
 6.00000E+00  1.55300E-11 
 7.00000E+00  1.50100E-11 
 8.00000E+00  1.27700E-11 
 9.00000E+00  1.52000E-11 
 1.00000E+01  1.24200E-11 
 1.10000E+01  1.51600E-11 
 1.20000E+01  1.39800E-11 
 1.30000E+01  1.49500E-11 
 1.40000E+01  1.52700E-11 
 1.50000E+01  1.83800E-11 
 1.60000E+01  1.42000E-11 
 1.70000E+01  1.22300E-11 
 1.80000E+01  1.39400E-11 
 1.90000E+01  1.89700E-11 
 2.00000E+01  1.49200E-11 
 2.10000E+01  1.54400E-11 
 2.20000E+01  1.71900E-11 
 2.30000E+01  1.50000E-11 
 2.40000E+01  1.46600E-11 
 2.50000E+01  1.57100E-11 
 2.60000E+01  1.60500E-11 
 2.70000E+01  1.52100E-11 
 2.80000E+01  1.72400E-11 
 2.90000E+01  1.43400E-11 
 3.00000E+01  1.58500E-11 
 3.10000E+01  1.66700E-11 
 3.20000E+01  1.62600E-11 
 3.30000E+01  1.91800E-11 
 3.40000E+01  1.63900E-11 
 3.50000E+01  1.89300E-11 
 3.60000E+01  1.56500E-11 
 3.70000E+01  1.33500E-11 
 3.80000E+01  1.60100E-11 
 3.90000E+01  1.62700E-11 
 4.00000E+01  1.52400E-11 
 4.10000E+01  1.48500E-11 
 4.20000E+01  1.45100E-11 
 4.30000E+01  1.74100E-11 
 4.40000E+01  1.24600E-11 
 4.50000E+01  1.28000E-11 
 4.60000E+01  1.26700E-11 
 4.70000E+01  1.37500E-11 
 4.80000E+01  1.51900E-11 
 4.90000E+01  1.90500E-11 
 5.00000E+01  1.58700E-11 
 5.10000E+01  1.62600E-11 
 5.20000E+01  1.59800E-11 
 5.30000E+01  1.56400E-11 
 5.40000E+01  1.56700E-11 
 5.50000E+01  1.38100E-11 
 5.60000E+01  1.70700E-11 
 5.70000E+01  1.70700E-11 
 5.80000E+01  1.72100E-11 
 5.90000E+01  1.40100E-11 
 6.00000E+01  1.36800E-11 
 6.10000E+01  1.66700E-11 
 6.20000E+01  1.62400E-11 
 6.30000E+01  1.59600E-11 
 6.40000E+01  1.50700E-11 
 6.50000E+01  1.65000E-11 
 6.60000E+01  1.57700E-11 
 6.70000E+01  1.37900E-11 
 6.80000E+01  1.90200E-11 
 6.90000E+01  1.67000E-11 
 7.00000E+01  1.26900E-11 
 7.10000E+01  1.68800E-11 
 7.20000E+01  1.44800E-11 
 7.30000E+01  2.07000E-11 
 7.40000E+01  1.65400E-11 
 7.50000E+01  1.32900E-11 
 7.60000E+01  1.60900E-11 
 7.70000E+01  1.62900E-11 
 7.80000E+01  1.47100E-11 
 7.90000E+01  1.71200E-11 
 8.00000E+01  1.25000E-11 
 8.10000E+01  1.54400E-11 
 8.20000E+01  1.61100E-11 
 8.30000E+01  1.32900E-11 
 8.40000E+01  1.69100E-11 
 8.50000E+01  1.62100E-11 
 8.60000E+01  1.46200E-11 
 8.70000E+01  1.62300E-11 
 8.80000E+01  1.68700E-11 
 8.90000E+01  1.51400E-11 
 9.00000E+01  1.52400E-11 
 9.10000E+01  1.53600E-11 
 9.20000E+01  1.27900E-11 
 9.30000E+01  1.55400E-11 
 9.40000E+01  1.30800E-11 
 9.50000E+01  1.60300E-11 
 9.60000E+01  1.84100E-11 
 9.70000E+01  1.63700E-11 
 9.80000E+01  1.39600E-11 
 9.90000E+01  1.32100E-11 
 1.00000E+02  1.34400E-11 
 1.01000E+02  1.58700E-11 
 1.02000E+02  1.46300E-11 
 1.03000E+02  1.51800E-11 
 1.04000E+02  1.71100E-11 
 1.05000E+02  1.47700E-11 
 1.06000E+02  1.66400E-11 
 1.07000E+02  1.64200E-11 
 1.08000E+02  1.80800E-11 
 1.09000E+02  1.43700E-11 
 1.10000E+02  1.55200E-11 
 1.11000E+02  1.39800E-11 
 1.12000E+02  1.52600E-11 
 1.13000E+02  1.67400E-11 
 1.14000E+02  1.69500E-11 
 1.15000E+02  1.29700E-11 
 1.16000E+02  1.52900E-11 
 1.17000E+02  1.67000E-11 
 1.18000E+02  1.76000E-11 
 1.19000E+02  1.46400E-11 
 1.20000E+02  1.61900E-11 
 1.21000E+02  1.45400E-11 
 1.22000E+02  1.55800E-11 
 1.23000E+02  1.72500E-11 
 1.24000E+02  1.15800E-11 
 1.25000E+02  1.45500E-11 
 1.26000E+02  1.49000E-11 
 1.27000E+02  1.42900E-11 
 1.28000E+02  1.54800E-11 
 1.29000E+02  1.30500E-11 
 1.30000E+02  1.64300E-11 
 1.31000E+02  1.38000E-11 
 1.32000E+02  1.41800E-11 
 1.33000E+02  1.57700E-11 
 1.34000E+02  1.46600E-11 
 1.35000E+02  1.58100E-11 
 1.36000E+02  1.52400E-11 
 1.37000E+02  1.39000E-11 
 1.38000E+02  1.52200E-11 
 1.39000E+02  1.94500E-11 
 1.40000E+02  1.62100E-11 
 1.41000E+02  1.80700E-11 
 1.42000E+02  1.65200E-11 
 1.43000E+02  1.56700E-11 
 1.44000E+02  1.44700E-11 
 1.45000E+02  1.80700E-11 
 1.46000E+02  1.69200E-11 
 1.47000E+02  1.61600E-11 
 1.48000E+02  1.66700E-11 
 1.49000E+02  1.84000E-11 
 1.50000E+02  1.39500E-11 
 1.51000E+02  1.59100E-11 
 1.52000E+02  1.27100E-11 
 1.53000E+02  1.67100E-11 
 1.54000E+02  1.67800E-11 
 1.55000E+02  1.48300E-11 
 1.56000E+02  1.56400E-11 
 1.57000E+02  1.38100E-11 
 1.58000E+02  1.90600E-11 
 1.59000E+02  1.52900E-11 
 1.60000E+02  1.64100E-11 
 1.61000E+02  1.50000E-11 
 1.62000E+02  1.43800E-11 
 1.63000E+02  1.57300E-11 
 1.64000E+02  1.41800E-11 
 1.65000E+02  1.58700E-11 
 1.66000E+02  2.05900E-11 
 1.67000E+02  1.48500E-11 
 1.68000E+02  1.43300E-11 
 1.69000E+02  1.67100E-11 
 1.70000E+02  1.58700E-11 
 1.71000E+02  1.45700E-11 
 1.72000E+02  1.47400E-11 
 1.73000E+02  1.46500E-11 
 1.74000E+02  1.31900E-11 
 1.75000E+02  1.56600E-11 
 1.76000E+02  1.47800E-11 
 1.77000E+02  1.93500E-11 
 1.78000E+02  1.44300E-11 
 1.79000E+02  1.52000E-11 
 1.80000E+02  1.61800E-11 
 1.81000E+02  1.80600E-11 
 1.82000E+02  1.45200E-11 
 1.83000E+02  1.38300E-11 
 1.84000E+02  1.82500E-11 
 1.85000E+02  1.90800E-11 
 1.86000E+02  1.64300E-11 
 1.87000E+02  1.56000E-11 
 1.88000E+02  1.52400E-11 
 1.89000E+02  1.51600E-11 
 1.90000E+02  1.74100E-11 
 1.91000E+02  1.50800E-11 
 1.92000E+02  1.33100E-11 
 1.93000E+02  1.66800E-11 
 1.94000E+02  1.51900E-11 
 1.95000E+02  1.74700E-11 
 1.96000E+02  1.54000E-11 
 1.97000E+02  1.59700E-11 
 1.98000E+02  1.65000E-11 
 1.99000E+02  1.89000E-11 
 2.00000E+02  1.54700E-11 
 2.01000E+02  1.71300E-11 
 2.02000E+02  1.59300E-11 
 2.03000E+02  1.48100E-11 
 2.04000E+02  1.66400E-11 
 2.05000E+02  1.27300E-11 
 2.06000E+02  1.57100E-11 
 2.07000E+02  1.70100E-11 
 2.08000E+02  1.52500E-11 
 2.09000E+02  1.66100E-11 
 2.10000E+02  1.56500E-11 
 2.11000E+02  1.56100E-11 
 2.12000E+02  1.89500E-11 
 2.13000E+02  1.41300E-11 
 2.14000E+02  1.74000E-11 
 2.15000E+02  1.55700E-11 
 2.16000E+02  1.48400E-11 
 2.17000E+02  1.68900E-11 
 2.18000E+02  1.43500E-11 
 2.19000E+02  1.64500E-11 
 2.20000E+02  1.58100E-11 
 2.21000E+02  1.56800E-11 
 2.22000E+02  1.67200E-11 
 2.23000E+02  1.72300E-11 
 2.24000E+02  1.78500E-11 
 2.25000E+02  1.54300E-11 
 2.26000E+02  1.52600E-11 
 2.27000E+02  1.37000E-11 
 2.28000E+02  1.68500E-11 
 2.29000E+02  1.81600E-11 
 2.30000E+02  1.51000E-11 
 2.31000E+02  1.43500E-11 
 2.32000E+02  1.55600E-11 
 2.33000E+02  1.67900E-11 
 2.34000E+02  1.67200E-11 
 2.35000E+02  1.46600E-11 
 2.36000E+02  1.87300E-11 
 2.37000E+02  1.46000E-11 
 2.38000E+02  1.72100E-11 
 2.39000E+02  1.60700E-11 
 2.40000E+02  1.39300E-11 
 2.41000E+02  1.52600E-11 
 2.42000E+02  1.72200E-11 
 2.43000E+02  1.61100E-11 
 2.44000E+02  1.43200E-11 
 2.45000E+02  1.39600E-11 
 2.46000E+02  1.54200E-11 
 2.47000E+02  1.43900E-11 
 2.48000E+02  1.29500E-11 
 2.49000E+02  1.99500E-11 
 2.50000E+02  1.44500E-11 
 2.51000E+02  1.20700E-11 
 2.52000E+02  1.67100E-11 
 2.53000E+02  1.56000E-11 
 2.54000E+02  1.35900E-11 
 2.55000E+02  1.46600E-11 
 2.56000E+02  1.75600E-11 
 2.57000E+02  1.65800E-11 
 2.58000E+02  1.58100E-11 
 2.59000E+02  1.73700E-11 
 2.60000E+02  1.43500E-11 
 2.61000E+02  1.75300E-11 
 2.62000E+02  1.79100E-11 
 2.63000E+02  1.52500E-11 
 2.64000E+02  1.66400E-11 
 2.65000E+02  1.76800E-11 
 2.66000E+02  1.35900E-11 
 2.67000E+02  1.48700E-11 
 2.68000E+02  1.87300E-11 
 2.69000E+02  1.56000E-11 
 2.70000E+02  1.46400E-11 
 2.71000E+02  1.31400E-11 
 2.72000E+02  1.25300E-11 
 2.73000E+02  1.37900E-11 
 2.74000E+02  1.49300E-11 
 2.75000E+02  1.68900E-11 
 2.76000E+02  1.39400E-11 
 2.77000E+02  1.62000E-11 
 2.78000E+02  1.57400E-11 
 2.79000E+02  1.52000E-11 
 2.80000E+02  1.50000E-11 
 2.81000E+02  1.40800E-11 
 2.82000E+02  1.55000E-11 
 2.83000E+02  1.50400E-11 
 2.84000E+02  1.44400E-11 
 2.85000E+02  1.48200E-11 
 2.86000E+02  1.40500E-11 
 2.87000E+02  1.87700E-11 
 2.88000E+02  1.57300E-11 
 2.89000E+02  1.36900E-11 
 2.90000E+02  1.50100E-11 
 2.91000E+02  1.61200E-11 
 2.92000E+02  1.57300E-11 
 2.93000E+02  1.84700E-11 
 2.94000E+02  1.56600E-11 
 2.95000E+02  1.60700E-11 
 2.96000E+02  1.39300E-11 
 2.97000E+02  1.52000E-11 
 2.98000E+02  1.55900E-11 
 2.99000E+02  1.31300E-11 
 3.00000E+02  1.36900E-11 
