#format table ## [Custom WaveView] saved 20:48:51 Tue Mar 21 2017
XVAL inv_delay 
 1.00000E+00  8.89500E-12 
 2.00000E+00  8.46300E-12 
 3.00000E+00  9.64400E-12 
 4.00000E+00  9.02700E-12 
 5.00000E+00  9.08100E-12 
 6.00000E+00  8.94000E-12 
 7.00000E+00  8.79900E-12 
 8.00000E+00  8.18500E-12 
 9.00000E+00  8.84800E-12 
 1.00000E+01  8.06500E-12 
 1.10000E+01  8.85200E-12 
 1.20000E+01  8.51100E-12 
 1.30000E+01  8.77800E-12 
 1.40000E+01  8.86700E-12 
 1.50000E+01  9.80800E-12 
 1.60000E+01  8.58500E-12 
 1.70000E+01  8.01500E-12 
 1.80000E+01  8.51000E-12 
 1.90000E+01  1.00600E-11 
 2.00000E+01  8.77500E-12 
 2.10000E+01  8.91600E-12 
 2.20000E+01  9.47400E-12 
 2.30000E+01  8.79400E-12 
 2.40000E+01  8.70300E-12 
 2.50000E+01  8.98800E-12 
 2.60000E+01  9.08500E-12 
 2.70000E+01  8.85400E-12 
 2.80000E+01  9.48800E-12 
 2.90000E+01  8.60700E-12 
 3.00000E+01  9.02800E-12 
 3.10000E+01  9.25600E-12 
 3.20000E+01  9.14100E-12 
 3.30000E+01  1.00900E-11 
 3.40000E+01  9.17600E-12 
 3.50000E+01  9.95500E-12 
 3.60000E+01  8.97200E-12 
 3.70000E+01  8.35800E-12 
 3.80000E+01  9.07300E-12 
 3.90000E+01  9.15400E-12 
 4.00000E+01  8.86200E-12 
 4.10000E+01  8.75000E-12 
 4.20000E+01  8.66600E-12 
 4.30000E+01  9.54400E-12 
 4.40000E+01  8.05800E-12 
 4.50000E+01  8.19900E-12 
 4.60000E+01  8.14100E-12 
 4.70000E+01  8.45200E-12 
 4.80000E+01  8.84100E-12 
 4.90000E+01  9.99000E-12 
 5.00000E+01  9.03500E-12 
 5.10000E+01  9.14100E-12 
 5.20000E+01  9.07200E-12 
 5.30000E+01  8.97400E-12 
 5.40000E+01  8.97900E-12 
 5.50000E+01  8.47300E-12 
 5.60000E+01  9.44100E-12 
 5.70000E+01  9.44000E-12 
 5.80000E+01  9.48000E-12 
 5.90000E+01  8.51500E-12 
 6.00000E+01  8.43300E-12 
 6.10000E+01  9.25900E-12 
 6.20000E+01  9.13000E-12 
 6.30000E+01  9.06000E-12 
 6.40000E+01  8.81800E-12 
 6.50000E+01  9.20800E-12 
 6.60000E+01  9.00400E-12 
 6.70000E+01  8.45300E-12 
 6.80000E+01  1.00600E-11 
 6.90000E+01  9.26200E-12 
 7.00000E+01  8.15500E-12 
 7.10000E+01  9.38700E-12 
 7.20000E+01  8.64400E-12 
 7.30000E+01  1.04300E-11 
 7.40000E+01  9.21700E-12 
 7.50000E+01  8.34100E-12 
 7.60000E+01  9.09900E-12 
 7.70000E+01  9.15000E-12 
 7.80000E+01  8.71500E-12 
 7.90000E+01  9.46400E-12 
 8.00000E+01  8.08300E-12 
 8.10000E+01  8.91500E-12 
 8.20000E+01  9.09300E-12 
 8.30000E+01  8.34700E-12 
 8.40000E+01  9.39400E-12 
 8.50000E+01  9.13400E-12 
 8.60000E+01  8.69700E-12 
 8.70000E+01  9.12900E-12 
 8.80000E+01  9.31200E-12 
 8.90000E+01  8.84300E-12 
 9.00000E+01  8.85900E-12 
 9.10000E+01  8.89600E-12 
 9.20000E+01  8.18200E-12 
 9.30000E+01  8.94000E-12 
 9.40000E+01  8.26900E-12 
 9.50000E+01  9.09300E-12 
 9.60000E+01  9.81800E-12 
 9.70000E+01  9.16900E-12 
 9.80000E+01  8.51500E-12 
 9.90000E+01  8.30900E-12 
 1.00000E+02  8.38000E-12 
 1.01000E+02  9.03300E-12 
 1.02000E+02  8.68800E-12 
 1.03000E+02  8.85300E-12 
 1.04000E+02  9.45300E-12 
 1.05000E+02  8.72100E-12 
 1.06000E+02  9.24800E-12 
 1.07000E+02  9.18300E-12 
 1.08000E+02  9.72600E-12 
 1.09000E+02  8.61800E-12 
 1.10000E+02  8.93900E-12 
 1.11000E+02  8.51000E-12 
 1.12000E+02  8.87300E-12 
 1.13000E+02  9.27700E-12 
 1.14000E+02  9.40500E-12 
 1.15000E+02  8.24000E-12 
 1.16000E+02  8.87400E-12 
 1.17000E+02  9.26300E-12 
 1.18000E+02  9.59500E-12 
 1.19000E+02  8.69100E-12 
 1.20000E+02  9.13100E-12 
 1.21000E+02  8.66300E-12 
 1.22000E+02  8.95100E-12 
 1.23000E+02  9.49300E-12 
 1.24000E+02  7.78200E-12 
 1.25000E+02  8.66500E-12 
 1.26000E+02  8.77400E-12 
 1.27000E+02  8.59900E-12 
 1.28000E+02  8.92500E-12 
 1.29000E+02  8.27100E-12 
 1.30000E+02  9.18600E-12 
 1.31000E+02  8.46200E-12 
 1.32000E+02  8.57200E-12 
 1.33000E+02  8.99700E-12 
 1.34000E+02  8.69700E-12 
 1.35000E+02  9.01500E-12 
 1.36000E+02  8.86700E-12 
 1.37000E+02  8.50000E-12 
 1.38000E+02  8.85900E-12 
 1.39000E+02  1.01700E-11 
 1.40000E+02  9.12400E-12 
 1.41000E+02  9.72800E-12 
 1.42000E+02  9.21300E-12 
 1.43000E+02  8.98500E-12 
 1.44000E+02  8.64300E-12 
 1.45000E+02  9.72200E-12 
 1.46000E+02  9.32700E-12 
 1.47000E+02  9.11400E-12 
 1.48000E+02  9.26100E-12 
 1.49000E+02  9.81700E-12 
 1.50000E+02  8.50400E-12 
 1.51000E+02  9.04200E-12 
 1.52000E+02  8.14400E-12 
 1.53000E+02  9.26900E-12 
 1.54000E+02  9.29000E-12 
 1.55000E+02  8.74600E-12 
 1.56000E+02  8.97100E-12 
 1.57000E+02  8.47100E-12 
 1.58000E+02  9.98900E-12 
 1.59000E+02  8.87800E-12 
 1.60000E+02  9.17900E-12 
 1.61000E+02  8.79000E-12 
 1.62000E+02  8.61200E-12 
 1.63000E+02  8.99600E-12 
 1.64000E+02  8.56800E-12 
 1.65000E+02  9.03400E-12 
 1.66000E+02  1.03900E-11 
 1.67000E+02  8.75700E-12 
 1.68000E+02  8.60600E-12 
 1.69000E+02  9.26600E-12 
 1.70000E+02  9.03100E-12 
 1.71000E+02  8.67700E-12 
 1.72000E+02  8.73200E-12 
 1.73000E+02  8.70900E-12 
 1.74000E+02  8.29700E-12 
 1.75000E+02  8.97800E-12 
 1.76000E+02  8.72900E-12 
 1.77000E+02  1.01200E-11 
 1.78000E+02  8.63600E-12 
 1.79000E+02  8.85500E-12 
 1.80000E+02  9.11800E-12 
 1.81000E+02  9.72000E-12 
 1.82000E+02  8.66000E-12 
 1.83000E+02  8.47700E-12 
 1.84000E+02  9.77300E-12 
 1.85000E+02  1.00800E-11 
 1.86000E+02  9.18900E-12 
 1.87000E+02  8.95800E-12 
 1.88000E+02  8.85800E-12 
 1.89000E+02  8.82800E-12 
 1.90000E+02  9.53800E-12 
 1.91000E+02  8.81300E-12 
 1.92000E+02  8.33700E-12 
 1.93000E+02  9.26000E-12 
 1.94000E+02  8.84900E-12 
 1.95000E+02  9.55800E-12 
 1.96000E+02  8.91300E-12 
 1.97000E+02  9.05700E-12 
 1.98000E+02  9.20600E-12 
 1.99000E+02  9.94600E-12 
 2.00000E+02  8.92700E-12 
 2.01000E+02  9.45400E-12 
 2.02000E+02  9.04600E-12 
 2.03000E+02  8.74400E-12 
 2.04000E+02  9.25200E-12 
 2.05000E+02  8.15200E-12 
 2.06000E+02  8.98800E-12 
 2.07000E+02  9.35100E-12 
 2.08000E+02  8.86500E-12 
 2.09000E+02  9.23700E-12 
 2.10000E+02  8.97300E-12 
 2.11000E+02  8.96300E-12 
 2.12000E+02  9.95900E-12 
 2.13000E+02  8.55200E-12 
 2.14000E+02  9.53500E-12 
 2.15000E+02  8.95000E-12 
 2.16000E+02  8.75700E-12 
 2.17000E+02  9.39200E-12 
 2.18000E+02  8.61500E-12 
 2.19000E+02  9.19300E-12 
 2.20000E+02  9.01800E-12 
 2.21000E+02  8.97900E-12 
 2.22000E+02  9.27200E-12 
 2.23000E+02  9.48800E-12 
 2.24000E+02  9.66100E-12 
 2.25000E+02  8.91100E-12 
 2.26000E+02  8.86800E-12 
 2.27000E+02  8.44300E-12 
 2.28000E+02  9.30500E-12 
 2.29000E+02  9.74800E-12 
 2.30000E+02  8.82300E-12 
 2.31000E+02  8.60900E-12 
 2.32000E+02  8.94400E-12 
 2.33000E+02  9.29200E-12 
 2.34000E+02  9.27200E-12 
 2.35000E+02  8.69900E-12 
 2.36000E+02  9.90300E-12 
 2.37000E+02  8.67800E-12 
 2.38000E+02  9.48900E-12 
 2.39000E+02  9.09800E-12 
 2.40000E+02  8.50100E-12 
 2.41000E+02  8.86500E-12 
 2.42000E+02  9.48200E-12 
 2.43000E+02  9.10500E-12 
 2.44000E+02  8.60500E-12 
 2.45000E+02  8.51400E-12 
 2.46000E+02  8.90600E-12 
 2.47000E+02  8.62000E-12 
 2.48000E+02  8.23300E-12 
 2.49000E+02  1.02300E-11 
 2.50000E+02  8.71300E-12 
 2.51000E+02  7.97700E-12 
 2.52000E+02  9.26700E-12 
 2.53000E+02  8.95600E-12 
 2.54000E+02  8.41800E-12 
 2.55000E+02  8.69800E-12 
 2.56000E+02  9.58200E-12 
 2.57000E+02  9.23000E-12 
 2.58000E+02  9.01500E-12 
 2.59000E+02  9.52500E-12 
 2.60000E+02  8.61100E-12 
 2.61000E+02  9.57100E-12 
 2.62000E+02  9.68300E-12 
 2.63000E+02  8.85800E-12 
 2.64000E+02  9.25100E-12 
 2.65000E+02  9.61500E-12 
 2.66000E+02  8.41300E-12 
 2.67000E+02  8.75600E-12 
 2.68000E+02  9.90100E-12 
 2.69000E+02  8.96500E-12 
 2.70000E+02  8.69300E-12 
 2.71000E+02  8.28400E-12 
 2.72000E+02  8.10500E-12 
 2.73000E+02  8.46800E-12 
 2.74000E+02  8.78200E-12 
 2.75000E+02  9.39300E-12 
 2.76000E+02  8.50700E-12 
 2.77000E+02  9.12000E-12 
 2.78000E+02  8.99800E-12 
 2.79000E+02  8.84700E-12 
 2.80000E+02  8.79200E-12 
 2.81000E+02  8.53900E-12 
 2.82000E+02  8.92700E-12 
 2.83000E+02  8.80100E-12 
 2.84000E+02  8.63300E-12 
 2.85000E+02  8.74100E-12 
 2.86000E+02  8.53300E-12 
 2.87000E+02  9.91200E-12 
 2.88000E+02  9.00400E-12 
 2.89000E+02  8.43600E-12 
 2.90000E+02  8.80200E-12 
 2.91000E+02  9.09900E-12 
 2.92000E+02  8.99700E-12 
 2.93000E+02  9.83500E-12 
 2.94000E+02  8.98200E-12 
 2.95000E+02  9.09000E-12 
 2.96000E+02  8.50100E-12 
 2.97000E+02  8.84900E-12 
 2.98000E+02  8.96400E-12 
 2.99000E+02  8.29200E-12 
 3.00000E+02  8.44200E-12 
