#format table ## [Custom WaveView] saved 20:24:23 Tue Mar 21 2017
XVAL inv_delay 
 1.00000E+00  2.23500E-09 
 2.00000E+00  9.47400E-10 
 3.00000E+00  6.83600E-09 
 4.00000E+00  2.83300E-09 
 5.00000E+00  3.09800E-09 
 6.00000E+00  2.42400E-09 
 7.00000E+00  1.86900E-09 
 8.00000E+00  5.77100E-10 
 9.00000E+00  2.05000E-09 
 1.00000E+01  4.70200E-10 
 1.10000E+01  2.05000E-09 
 1.20000E+01  1.06700E-09 
 1.30000E+01  1.79800E-09 
 1.40000E+01  2.10000E-09 
 1.50000E+01  8.61300E-09 
 1.60000E+01  1.24800E-09 
 1.70000E+01  4.31600E-10 
 1.80000E+01  1.07100E-09 
 1.90000E+01          NAN 
 2.00000E+01          NAN 
 2.10000E+01  2.29500E-09 
 2.20000E+01  5.26000E-09 
 2.30000E+01  1.85000E-09 
 2.40000E+01  1.56800E-09 
 2.50000E+01  2.62200E-09 
 2.60000E+01  3.15100E-09 
 2.70000E+01  2.07000E-09 
 2.80000E+01  5.38000E-09 
 2.90000E+01  1.30300E-09 
 3.00000E+01  2.84100E-09 
 3.10000E+01  4.18700E-09 
 3.20000E+01  3.47700E-09 
 3.30000E+01          NAN 
 3.40000E+01          NAN 
 3.50000E+01  1.06600E-08 
 3.60000E+01  2.57500E-09 
 3.70000E+01  7.73500E-10 
 3.80000E+01  3.07900E-09 
 3.90000E+01  3.54500E-09 
 4.00000E+01  2.10000E-09 
 4.10000E+01  1.70700E-09 
 4.20000E+01  1.46400E-09 
 4.30000E+01  5.89100E-09 
 4.40000E+01  3.72000E-10 
 4.50000E+01  5.89000E-10 
 4.60000E+01  5.33500E-10 
 4.70000E+01  9.46400E-10 
 4.80000E+01  1.99000E-09 
 4.90000E+01  1.14000E-08 
 5.00000E+01  2.87400E-09 
 5.10000E+01  3.47800E-09 
 5.20000E+01  3.06700E-09 
 5.30000E+01  2.58200E-09 
 5.40000E+01  2.60600E-09 
 5.50000E+01  9.94400E-10 
 5.60000E+01  4.96800E-09 
 5.70000E+01  5.00400E-09 
 5.80000E+01  5.31900E-09 
 5.90000E+01  1.05200E-09 
 6.00000E+01  8.84300E-10 
 6.10000E+01  4.21300E-09 
 6.20000E+01  3.38100E-09 
 6.30000E+01  3.00600E-09 
 6.40000E+01  1.93600E-09 
 6.50000E+01  3.83800E-09 
 6.60000E+01  2.72100E-09 
 6.70000E+01  8.63500E-10 
 6.80000E+01          NAN 
 6.90000E+01          NAN 
 7.00000E+01  5.48300E-10 
 7.10000E+01  4.63000E-09 
 7.20000E+01  1.39000E-09 
 7.30000E+01          NAN 
 7.40000E+01          NAN 
 7.50000E+01  7.50700E-10 
 7.60000E+01  3.22900E-09 
 7.70000E+01  3.53200E-09 
 7.80000E+01  1.60300E-09 
 7.90000E+01  5.22300E-09 
 8.00000E+01  4.61700E-10 
 8.10000E+01  2.32000E-09 
 8.20000E+01  3.16800E-09 
 8.30000E+01  7.57000E-10 
 8.40000E+01  4.66700E-09 
 8.50000E+01  3.42900E-09 
 8.60000E+01  1.54800E-09 
 8.70000E+01  3.40400E-09 
 8.80000E+01  4.57600E-09 
 8.90000E+01  2.02300E-09 
 9.00000E+01  2.09000E-09 
 9.10000E+01  2.23700E-09 
 9.20000E+01  5.72000E-10 
 9.30000E+01  2.39800E-09 
 9.40000E+01  6.54500E-10 
 9.50000E+01  3.17300E-09 
 9.60000E+01  8.80100E-09 
 9.70000E+01  3.65000E-09 
 9.80000E+01  1.08200E-09 
 9.90000E+01  7.01700E-10 
 1.00000E+02  8.05200E-10 
 1.01000E+02  2.84200E-09 
 1.02000E+02  1.50200E-09 
 1.03000E+02  2.06200E-09 
 1.04000E+02  5.11600E-09 
 1.05000E+02  1.56900E-09 
 1.06000E+02  4.14300E-09 
 1.07000E+02  3.72600E-09 
 1.08000E+02  7.67200E-09 
 1.09000E+02  1.31000E-09 
 1.10000E+02  2.42500E-09 
 1.11000E+02  1.06600E-09 
 1.12000E+02  2.14000E-09 
 1.13000E+02  4.33800E-09 
 1.14000E+02  4.74100E-09 
 1.15000E+02  6.27200E-10 
 1.16000E+02  2.14600E-09 
 1.17000E+02  4.22400E-09 
 1.18000E+02  6.32800E-09 
 1.19000E+02  1.50400E-09 
 1.20000E+02  3.40800E-09 
 1.21000E+02  1.45500E-09 
 1.22000E+02  2.47000E-09 
 1.23000E+02  5.43400E-09 
 1.24000E+02  2.76500E-10 
 1.25000E+02  1.43200E-09 
 1.26000E+02  1.78200E-09 
 1.27000E+02  1.28700E-09 
 1.28000E+02  2.35600E-09 
 1.29000E+02  6.63000E-10 
 1.30000E+02  3.73500E-09 
 1.31000E+02  9.64000E-10 
 1.32000E+02  1.21900E-09 
 1.33000E+02  2.63300E-09 
 1.34000E+02  1.54900E-09 
 1.35000E+02  2.77500E-09 
 1.36000E+02  2.11800E-09 
 1.37000E+02  1.04900E-09 
 1.38000E+02  2.08900E-09 
 1.39000E+02          NAN 
 1.40000E+02          NAN 
 1.41000E+02  7.74300E-09 
 1.42000E+02  3.86400E-09 
 1.43000E+02  2.63100E-09 
 1.44000E+02  1.39600E-09 
 1.45000E+02  7.62500E-09 
 1.46000E+02  4.62400E-09 
 1.47000E+02  3.28800E-09 
 1.48000E+02  4.23600E-09 
 1.49000E+02  8.82000E-09 
 1.50000E+02  1.05100E-09 
 1.51000E+02  2.90400E-09 
 1.52000E+02  4.98100E-10 
 1.53000E+02  4.28600E-09 
 1.54000E+02  4.44000E-09 
 1.55000E+02  1.69800E-09 
 1.56000E+02  2.56600E-09 
 1.57000E+02  9.90100E-10 
 1.58000E+02  1.12400E-08 
 1.59000E+02  2.16600E-09 
 1.60000E+02  3.70400E-09 
 1.61000E+02  1.83600E-09 
 1.62000E+02  1.27000E-09 
 1.63000E+02  2.68400E-09 
 1.64000E+02  1.20800E-09 
 1.65000E+02  2.84500E-09 
 1.66000E+02          NAN 
 1.67000E+02          NAN 
 1.68000E+02  1.27800E-09 
 1.69000E+02  4.23900E-09 
 1.70000E+02  2.85400E-09 
 1.71000E+02  1.49700E-09 
 1.72000E+02  1.64800E-09 
 1.73000E+02  1.57700E-09 
 1.74000E+02  6.76800E-10 
 1.75000E+02  2.57400E-09 
 1.76000E+02  1.61800E-09 
 1.77000E+02          NAN 
 1.78000E+02          NAN 
 1.79000E+02  2.07200E-09 
 1.80000E+02  3.34100E-09 
 1.81000E+02  7.57500E-09 
 1.82000E+02  1.44900E-09 
 1.83000E+02  1.00200E-09 
 1.84000E+02  8.21700E-09 
 1.85000E+02          NAN 
 1.86000E+02          NAN 
 1.87000E+02  2.48200E-09 
 1.88000E+02  2.08400E-09 
 1.89000E+02  1.91900E-09 
 1.90000E+02  5.80600E-09 
 1.91000E+02  1.89500E-09 
 1.92000E+02  7.32100E-10 
 1.93000E+02  4.21800E-09 
 1.94000E+02  2.05100E-09 
 1.95000E+02  5.99700E-09 
 1.96000E+02  2.30800E-09 
 1.97000E+02  2.96000E-09 
 1.98000E+02  3.86300E-09 
 1.99000E+02  1.05800E-08 
 2.00000E+02  2.37100E-09 
 2.01000E+02  5.10000E-09 
 2.02000E+02  2.92500E-09 
 2.03000E+02  1.69100E-09 
 2.04000E+02  4.17700E-09 
 2.05000E+02  5.17500E-10 
 2.06000E+02  2.62200E-09 
 2.07000E+02  4.76800E-09 
 2.08000E+02  2.11400E-09 
 2.09000E+02  4.04800E-09 
 2.10000E+02  2.57700E-09 
 2.11000E+02  2.50600E-09 
 2.12000E+02  1.07600E-08 
 2.13000E+02  1.16900E-09 
 2.14000E+02  5.77700E-09 
 2.15000E+02  2.47400E-09 
 2.16000E+02  1.72700E-09 
 2.17000E+02  4.66800E-09 
 2.18000E+02  1.32800E-09 
 2.19000E+02  3.79200E-09 
 2.20000E+02  2.79300E-09 
 2.21000E+02  2.57800E-09 
 2.22000E+02  4.29500E-09 
 2.23000E+02  5.32900E-09 
 2.24000E+02  6.94200E-09 
 2.25000E+02  2.30100E-09 
 2.26000E+02  2.12300E-09 
 2.27000E+02  9.33400E-10 
 2.28000E+02  4.51000E-09 
 2.29000E+02  7.89100E-09 
 2.30000E+02  1.95500E-09 
 2.31000E+02  1.28300E-09 
 2.32000E+02  2.44000E-09 
 2.33000E+02  4.38200E-09 
 2.34000E+02  4.29300E-09 
 2.35000E+02  1.55600E-09 
 2.36000E+02  1.00000E-08 
 2.37000E+02  1.49200E-09 
 2.38000E+02  5.41200E-09 
 2.39000E+02  3.21300E-09 
 2.40000E+02  1.05100E-09 
 2.41000E+02  2.11300E-09 
 2.42000E+02  5.32200E-09 
 2.43000E+02  3.26000E-09 
 2.44000E+02  1.30100E-09 
 2.45000E+02  1.08000E-09 
 2.46000E+02  2.27200E-09 
 2.47000E+02  1.33500E-09 
 2.48000E+02  6.23100E-10 
 2.49000E+02          NAN 
 2.50000E+02          NAN 
 2.51000E+02  4.07900E-10 
 2.52000E+02  4.20200E-09 
 2.53000E+02  2.49200E-09 
 2.54000E+02  8.85000E-10 
 2.55000E+02  1.55300E-09 
 2.56000E+02  6.21400E-09 
 2.57000E+02  3.98000E-09 
 2.58000E+02  2.77400E-09 
 2.59000E+02  5.69400E-09 
 2.60000E+02  1.31100E-09 
 2.61000E+02  6.08700E-09 
 2.62000E+02  7.25100E-09 
 2.63000E+02  2.05900E-09 
 2.64000E+02  4.16400E-09 
 2.65000E+02  6.43900E-09 
 2.66000E+02  8.67500E-10 
 2.67000E+02  1.72600E-09 
 2.68000E+02  9.88300E-09 
 2.69000E+02  2.53800E-09 
 2.70000E+02  1.54000E-09 
 2.71000E+02  6.70000E-10 
 2.72000E+02  5.04200E-10 
 2.73000E+02  9.83500E-10 
 2.74000E+02  1.80600E-09 
 2.75000E+02  4.67300E-09 
 2.76000E+02  1.06500E-09 
 2.77000E+02  3.32900E-09 
 2.78000E+02  2.67100E-09 
 2.79000E+02  2.04600E-09 
 2.80000E+02  1.84200E-09 
 2.81000E+02  1.13400E-09 
 2.82000E+02  2.34200E-09 
 2.83000E+02  1.87000E-09 
 2.84000E+02  1.36900E-09 
 2.85000E+02  1.65800E-09 
 2.86000E+02  1.12500E-09 
 2.87000E+02  1.00600E-08 
 2.88000E+02  2.71700E-09 
 2.89000E+02  9.16700E-10 
 2.90000E+02  1.87600E-09 
 2.91000E+02  3.20300E-09 
 2.92000E+02  2.68900E-09 
 2.93000E+02  9.04400E-09 
 2.94000E+02  2.61700E-09 
 2.95000E+02  3.17800E-09 
 2.96000E+02  1.05100E-09 
 2.97000E+02  2.05200E-09 
 2.98000E+02  2.53200E-09 
 2.99000E+02  6.86600E-10 
 3.00000E+02  9.30800E-10 
