#format table ## [Custom WaveView] saved 20:36:38 Tue Mar 21 2017
XVAL inv_delay 
 1.00000E+00  1.96400E-11 
 2.00000E+00  1.74500E-11 
 3.00000E+00  2.46900E-11 
 4.00000E+00  2.05900E-11 
 5.00000E+00  2.10600E-11 
 6.00000E+00  1.99100E-11 
 7.00000E+00  1.93400E-11 
 8.00000E+00  1.60400E-11 
 9.00000E+00  1.96500E-11 
 1.00000E+01  1.56000E-11 
 1.10000E+01  1.95900E-11 
 1.20000E+01  1.77300E-11 
 1.30000E+01  1.92500E-11 
 1.40000E+01  1.97500E-11 
 1.50000E+01  2.68200E-11 
 1.60000E+01  1.80800E-11 
 1.70000E+01  1.53600E-11 
 1.80000E+01  1.76800E-11 
 1.90000E+01  2.91500E-11 
 2.00000E+01  1.92000E-11 
 2.10000E+01  1.97400E-11 
 2.20000E+01  2.33200E-11 
 2.30000E+01  1.93200E-11 
 2.40000E+01  1.87900E-11 
 2.50000E+01  2.03200E-11 
 2.60000E+01  2.10800E-11 
 2.70000E+01  1.96600E-11 
 2.80000E+01  2.34300E-11 
 2.90000E+01  1.82700E-11 
 3.00000E+01  2.06400E-11 
 3.10000E+01  2.21400E-11 
 3.20000E+01  2.14400E-11 
 3.30000E+01  2.94700E-11 
 3.40000E+01  2.16500E-11 
 3.50000E+01  2.72200E-11 
 3.60000E+01  2.01600E-11 
 3.70000E+01  1.68300E-11 
 3.80000E+01  2.10100E-11 
 3.90000E+01  2.14700E-11 
 4.00000E+01  1.97200E-11 
 4.10000E+01  1.90800E-11 
 4.20000E+01  1.85600E-11 
 4.30000E+01  2.38200E-11 
 4.40000E+01  1.56300E-11 
 4.50000E+01  1.60800E-11 
 4.60000E+01  1.59100E-11 
 4.70000E+01  1.73900E-11 
 4.80000E+01  1.96300E-11 
 4.90000E+01  2.75100E-11 
 5.00000E+01  2.06800E-11 
 5.10000E+01  2.14400E-11 
 5.20000E+01  2.09600E-11 
 5.30000E+01  2.01300E-11 
 5.40000E+01  2.02100E-11 
 5.50000E+01  1.74900E-11 
 5.60000E+01  2.30500E-11 
 5.70000E+01  2.30600E-11 
 5.80000E+01  2.33600E-11 
 5.90000E+01  1.77600E-11 
 6.00000E+01  1.72800E-11 
 6.10000E+01  2.21500E-11 
 6.20000E+01  2.13900E-11 
 6.30000E+01  2.09200E-11 
 6.40000E+01  1.94400E-11 
 6.50000E+01  2.18400E-11 
 6.60000E+01  2.04400E-11 
 6.70000E+01  1.74400E-11 
 6.80000E+01  2.91900E-11 
 6.90000E+01  2.21900E-11 
 7.00000E+01  1.59400E-11 
 7.10000E+01  2.26200E-11 
 7.20000E+01  1.84900E-11 
 7.30000E+01  3.22800E-11 
 7.40000E+01  2.19100E-11 
 7.50000E+01  1.67400E-11 
 7.60000E+01  2.11500E-11 
 7.70000E+01  2.14800E-11 
 7.80000E+01  1.88600E-11 
 7.90000E+01  2.31800E-11 
 8.00000E+01  1.56900E-11 
 8.10000E+01  1.97600E-11 
 8.20000E+01  2.11600E-11 
 8.30000E+01  1.67400E-11 
 8.40000E+01  2.26900E-11 
 8.50000E+01  2.13600E-11 
 8.60000E+01  1.87300E-11 
 8.70000E+01  2.13800E-11 
 8.80000E+01  2.25900E-11 
 8.90000E+01  1.95600E-11 
 9.00000E+01  1.97200E-11 
 9.10000E+01  1.96400E-11 
 9.20000E+01  1.60700E-11 
 9.30000E+01  1.99400E-11 
 9.40000E+01  1.64600E-11 
 9.50000E+01  2.10300E-11 
 9.60000E+01  2.69000E-11 
 9.70000E+01  2.16200E-11 
 9.80000E+01  1.77100E-11 
 9.90000E+01  1.66300E-11 
 1.00000E+02  1.69500E-11 
 1.01000E+02  2.07100E-11 
 1.02000E+02  1.87200E-11 
 1.03000E+02  1.96300E-11 
 1.04000E+02  2.31500E-11 
 1.05000E+02  1.89500E-11 
 1.06000E+02  2.20900E-11 
 1.07000E+02  2.17100E-11 
 1.08000E+02  2.61300E-11 
 1.09000E+02  1.83300E-11 
 1.10000E+02  1.99000E-11 
 1.11000E+02  1.77300E-11 
 1.12000E+02  1.97500E-11 
 1.13000E+02  2.23000E-11 
 1.14000E+02  2.27800E-11 
 1.15000E+02  1.63100E-11 
 1.16000E+02  1.98000E-11 
 1.17000E+02  2.22000E-11 
 1.18000E+02  2.43000E-11 
 1.19000E+02  1.87500E-11 
 1.20000E+02  2.13200E-11 
 1.21000E+02  1.85900E-11 
 1.22000E+02  2.00100E-11 
 1.23000E+02  2.34500E-11 
 1.24000E+02  1.45700E-11 
 1.25000E+02  1.86100E-11 
 1.26000E+02  1.91700E-11 
 1.27000E+02  1.82000E-11 
 1.28000E+02  1.98200E-11 
 1.29000E+02  1.64200E-11 
 1.30000E+02  2.17200E-11 
 1.31000E+02  1.74600E-11 
 1.32000E+02  1.80300E-11 
 1.33000E+02  2.04700E-11 
 1.34000E+02  1.87800E-11 
 1.35000E+02  2.05400E-11 
 1.36000E+02  1.97200E-11 
 1.37000E+02  1.76200E-11 
 1.38000E+02  1.96900E-11 
 1.39000E+02  3.03200E-11 
 1.40000E+02  2.13500E-11 
 1.41000E+02  2.61400E-11 
 1.42000E+02  2.18800E-11 
 1.43000E+02  2.01900E-11 
 1.44000E+02  1.84800E-11 
 1.45000E+02  2.61000E-11 
 1.46000E+02  2.26900E-11 
 1.47000E+02  2.12600E-11 
 1.48000E+02  2.21500E-11 
 1.49000E+02  2.69100E-11 
 1.50000E+02  1.76900E-11 
 1.51000E+02  2.08000E-11 
 1.52000E+02  1.59600E-11 
 1.53000E+02  2.22300E-11 
 1.54000E+02  2.24000E-11 
 1.55000E+02  1.90500E-11 
 1.56000E+02  2.01400E-11 
 1.57000E+02  1.74900E-11 
 1.58000E+02  2.75100E-11 
 1.59000E+02  1.98100E-11 
 1.60000E+02  2.16800E-11 
 1.61000E+02  1.93200E-11 
 1.62000E+02  1.83200E-11 
 1.63000E+02  2.03400E-11 
 1.64000E+02  1.80300E-11 
 1.65000E+02  2.07200E-11 
 1.66000E+02  3.20500E-11 
 1.67000E+02  1.90800E-11 
 1.68000E+02  1.82600E-11 
 1.69000E+02  2.22300E-11 
 1.70000E+02  2.06900E-11 
 1.71000E+02  1.86400E-11 
 1.72000E+02  1.89200E-11 
 1.73000E+02  1.87800E-11 
 1.74000E+02  1.66000E-11 
 1.75000E+02  2.02000E-11 
 1.76000E+02  1.89600E-11 
 1.77000E+02  2.97600E-11 
 1.78000E+02  1.84200E-11 
 1.79000E+02  1.96500E-11 
 1.80000E+02  2.12900E-11 
 1.81000E+02  2.60700E-11 
 1.82000E+02  1.85600E-11 
 1.83000E+02  1.75200E-11 
 1.84000E+02  2.57100E-11 
 1.85000E+02  2.93800E-11 
 1.86000E+02  2.17400E-11 
 1.87000E+02  2.00500E-11 
 1.88000E+02  1.97100E-11 
 1.89000E+02  1.95700E-11 
 1.90000E+02  2.38200E-11 
 1.91000E+02  1.94400E-11 
 1.92000E+02  1.67600E-11 
 1.93000E+02  2.21700E-11 
 1.94000E+02  1.96400E-11 
 1.95000E+02  2.39800E-11 
 1.96000E+02  1.97400E-11 
 1.97000E+02  2.09300E-11 
 1.98000E+02  2.18500E-11 
 1.99000E+02  2.71500E-11 
 2.00000E+02  1.98300E-11 
 2.01000E+02  2.31700E-11 
 2.02000E+02  2.08400E-11 
 2.03000E+02  1.90300E-11 
 2.04000E+02  2.21000E-11 
 2.05000E+02  1.59800E-11 
 2.06000E+02  2.03300E-11 
 2.07000E+02  2.29000E-11 
 2.08000E+02  1.97300E-11 
 2.09000E+02  2.20300E-11 
 2.10000E+02  2.01700E-11 
 2.11000E+02  2.00900E-11 
 2.12000E+02  2.72600E-11 
 2.13000E+02  1.79600E-11 
 2.14000E+02  2.37900E-11 
 2.15000E+02  1.99800E-11 
 2.16000E+02  1.90700E-11 
 2.17000E+02  2.26600E-11 
 2.18000E+02  1.83000E-11 
 2.19000E+02  2.17700E-11 
 2.20000E+02  2.05300E-11 
 2.21000E+02  2.02400E-11 
 2.22000E+02  2.22600E-11 
 2.23000E+02  2.34100E-11 
 2.24000E+02  2.48400E-11 
 2.25000E+02  1.97400E-11 
 2.26000E+02  1.97500E-11 
 2.27000E+02  1.73200E-11 
 2.28000E+02  2.25300E-11 
 2.29000E+02  2.55000E-11 
 2.30000E+02  1.94800E-11 
 2.31000E+02  1.82900E-11 
 2.32000E+02  1.99600E-11 
 2.33000E+02  2.24100E-11 
 2.34000E+02  2.22600E-11 
 2.35000E+02  1.87800E-11 
 2.36000E+02  2.67700E-11 
 2.37000E+02  1.86800E-11 
 2.38000E+02  2.33900E-11 
 2.39000E+02  2.11200E-11 
 2.40000E+02  1.76600E-11 
 2.41000E+02  1.97500E-11 
 2.42000E+02  2.33800E-11 
 2.43000E+02  2.11900E-11 
 2.44000E+02  1.82500E-11 
 2.45000E+02  1.77100E-11 
 2.46000E+02  1.97000E-11 
 2.47000E+02  1.83500E-11 
 2.48000E+02  1.62800E-11 
 2.49000E+02  3.07000E-11 
 2.50000E+02  1.84600E-11 
 2.51000E+02  1.51700E-11 
 2.52000E+02  2.22300E-11 
 2.53000E+02  2.00500E-11 
 2.54000E+02  1.71700E-11 
 2.55000E+02  1.87800E-11 
 2.56000E+02  2.42000E-11 
 2.57000E+02  2.19700E-11 
 2.58000E+02  2.05300E-11 
 2.59000E+02  2.37200E-11 
 2.60000E+02  1.82900E-11 
 2.61000E+02  2.41100E-11 
 2.62000E+02  2.49800E-11 
 2.63000E+02  1.97200E-11 
 2.64000E+02  2.21000E-11 
 2.65000E+02  2.44500E-11 
 2.66000E+02  1.71700E-11 
 2.67000E+02  1.91100E-11 
 2.68000E+02  2.67700E-11 
 2.69000E+02  2.00500E-11 
 2.70000E+02  1.87500E-11 
 2.71000E+02  1.65300E-11 
 2.72000E+02  1.57300E-11 
 2.73000E+02  1.74500E-11 
 2.74000E+02  1.92100E-11 
 2.75000E+02  2.26600E-11 
 2.76000E+02  1.76800E-11 
 2.77000E+02  2.13200E-11 
 2.78000E+02  2.03900E-11 
 2.79000E+02  1.96500E-11 
 2.80000E+02  1.93200E-11 
 2.81000E+02  1.78900E-11 
 2.82000E+02  1.98400E-11 
 2.83000E+02  1.93800E-11 
 2.84000E+02  1.84300E-11 
 2.85000E+02  1.90300E-11 
 2.86000E+02  1.78400E-11 
 2.87000E+02  2.68600E-11 
 2.88000E+02  2.03300E-11 
 2.89000E+02  1.73000E-11 
 2.90000E+02  1.93400E-11 
 2.91000E+02  2.11800E-11 
 2.92000E+02  2.03400E-11 
 2.93000E+02  2.61900E-11 
 2.94000E+02  2.01800E-11 
 2.95000E+02  2.11100E-11 
 2.96000E+02  1.76600E-11 
 2.97000E+02  1.96500E-11 
 2.98000E+02  2.00400E-11 
 2.99000E+02  1.65200E-11 
 3.00000E+02  1.73100E-11 
