#format table ## [Custom WaveView] saved 20:33:51 Tue Mar 21 2017
XVAL inv_delay 
 1.00000E+00  3.19300E-11 
 2.00000E+00  2.48800E-11 
 3.00000E+00  4.32000E-11 
 4.00000E+00  3.36700E-11 
 5.00000E+00  3.45100E-11 
 6.00000E+00  3.25000E-11 
 7.00000E+00  3.06000E-11 
 8.00000E+00  2.17400E-11 
 9.00000E+00  3.14200E-11 
 1.00000E+01  2.09200E-11 
 1.10000E+01  3.14300E-11 
 1.20000E+01  2.55500E-11 
 1.30000E+01  3.02700E-11 
 1.40000E+01  3.16000E-11 
 1.50000E+01  4.69500E-11 
 1.60000E+01  2.63900E-11 
 1.70000E+01  2.05100E-11 
 1.80000E+01  2.54500E-11 
 1.90000E+01  5.32500E-11 
 2.00000E+01  3.01900E-11 
 2.10000E+01  3.21600E-11 
 2.20000E+01  3.95000E-11 
 2.30000E+01  3.05200E-11 
 2.40000E+01  2.80400E-11 
 2.50000E+01  3.31600E-11 
 2.60000E+01  3.45500E-11 
 2.70000E+01  3.15000E-11 
 2.80000E+01  3.98300E-11 
 2.90000E+01  2.77600E-11 
 3.00000E+01  3.37300E-11 
 3.10000E+01  3.71400E-11 
 3.20000E+01  3.54300E-11 
 3.30000E+01  5.40800E-11 
 3.40000E+01  3.59400E-11 
 3.50000E+01  5.05400E-11 
 3.60000E+01  3.29300E-11 
 3.70000E+01  2.34400E-11 
 3.80000E+01  3.43800E-11 
 3.90000E+01  3.55200E-11 
 4.00000E+01  3.15700E-11 
 4.10000E+01  2.97000E-11 
 4.20000E+01  2.75000E-11 
 4.30000E+01  4.09800E-11 
 4.40000E+01  2.09500E-11 
 4.50000E+01  2.18100E-11 
 4.60000E+01  2.15100E-11 
 4.70000E+01  2.47400E-11 
 4.80000E+01  3.12700E-11 
 4.90000E+01  5.14300E-11 
 5.00000E+01  3.38200E-11 
 5.10000E+01  3.54300E-11 
 5.20000E+01  3.42900E-11 
 5.30000E+01  3.29100E-11 
 5.40000E+01  3.30200E-11 
 5.50000E+01  2.49800E-11 
 5.60000E+01  3.88700E-11 
 5.70000E+01  3.88800E-11 
 5.80000E+01  3.96600E-11 
 5.90000E+01  2.56000E-11 
 6.00000E+01  2.44800E-11 
 6.10000E+01  3.71700E-11 
 6.20000E+01  3.53200E-11 
 6.30000E+01  3.41800E-11 
 6.40000E+01  3.09100E-11 
 6.50000E+01  3.64200E-11 
 6.60000E+01  3.33900E-11 
 6.70000E+01  2.48300E-11 
 6.80000E+01  5.33700E-11 
 6.90000E+01  3.72500E-11 
 7.00000E+01  2.15700E-11 
 7.10000E+01  3.80500E-11 
 7.20000E+01  2.73200E-11 
 7.30000E+01  6.31300E-11 
 7.40000E+01  3.65800E-11 
 7.50000E+01  2.32300E-11 
 7.60000E+01  3.47200E-11 
 7.70000E+01  3.55400E-11 
 7.80000E+01  2.82000E-11 
 7.90000E+01  3.92000E-11 
 8.00000E+01  2.10800E-11 
 8.10000E+01  3.21700E-11 
 8.20000E+01  3.47300E-11 
 8.30000E+01  2.32300E-11 
 8.40000E+01  3.81800E-11 
 8.50000E+01  3.52400E-11 
 8.60000E+01  2.79100E-11 
 8.70000E+01  3.52800E-11 
 8.80000E+01  3.79900E-11 
 8.90000E+01  3.13000E-11 
 9.00000E+01  3.15600E-11 
 9.10000E+01  3.19400E-11 
 9.20000E+01  2.17800E-11 
 9.30000E+01  3.25200E-11 
 9.40000E+01  2.25400E-11 
 9.50000E+01  3.44900E-11 
 9.60000E+01  4.71900E-11 
 9.70000E+01  3.58800E-11 
 9.80000E+01  2.55200E-11 
 9.90000E+01  2.29500E-11 
 1.00000E+02  2.37100E-11 
 1.01000E+02  3.38000E-11 
 1.02000E+02  2.78500E-11 
 1.03000E+02  3.14400E-11 
 1.04000E+02  3.90500E-11 
 1.05000E+02  2.83700E-11 
 1.06000E+02  3.70300E-11 
 1.07000E+02  3.60900E-11 
 1.08000E+02  4.50700E-11 
 1.09000E+02  2.78300E-11 
 1.10000E+02  3.24600E-11 
 1.11000E+02  2.55500E-11 
 1.12000E+02  3.16700E-11 
 1.13000E+02  3.74500E-11 
 1.14000E+02  3.83400E-11 
 1.15000E+02  2.22000E-11 
 1.16000E+02  3.17000E-11 
 1.17000E+02  3.72700E-11 
 1.18000E+02  4.21200E-11 
 1.19000E+02  2.79100E-11 
 1.20000E+02  3.51600E-11 
 1.21000E+02  2.75500E-11 
 1.22000E+02  3.26500E-11 
 1.23000E+02  3.99300E-11 
 1.24000E+02  1.91800E-11 
 1.25000E+02  2.75800E-11 
 1.26000E+02  3.01400E-11 
 1.27000E+02  2.76500E-11 
 1.28000E+02  3.23200E-11 
 1.29000E+02  2.24500E-11 
 1.30000E+02  3.61300E-11 
 1.31000E+02  2.49100E-11 
 1.32000E+02  2.62700E-11 
 1.33000E+02  3.33800E-11 
 1.34000E+02  2.80100E-11 
 1.35000E+02  3.35500E-11 
 1.36000E+02  3.16100E-11 
 1.37000E+02  2.53100E-11 
 1.38000E+02  3.15500E-11 
 1.39000E+02  5.61400E-11 
 1.40000E+02  3.52100E-11 
 1.41000E+02  4.50800E-11 
 1.42000E+02  3.65000E-11 
 1.43000E+02  3.30400E-11 
 1.44000E+02  2.72800E-11 
 1.45000E+02  4.49800E-11 
 1.46000E+02  3.81900E-11 
 1.47000E+02  3.50000E-11 
 1.48000E+02  3.71700E-11 
 1.49000E+02  4.71700E-11 
 1.50000E+02  2.54500E-11 
 1.51000E+02  3.39600E-11 
 1.52000E+02  2.15900E-11 
 1.53000E+02  3.73200E-11 
 1.54000E+02  3.76300E-11 
 1.55000E+02  2.96100E-11 
 1.56000E+02  3.29000E-11 
 1.57000E+02  2.49800E-11 
 1.58000E+02  5.14100E-11 
 1.59000E+02  3.17400E-11 
 1.60000E+02  3.60300E-11 
 1.61000E+02  3.04800E-11 
 1.62000E+02  2.78500E-11 
 1.63000E+02  3.32500E-11 
 1.64000E+02  2.62500E-11 
 1.65000E+02  3.38100E-11 
 1.66000E+02  6.23600E-11 
 1.67000E+02  2.98100E-11 
 1.68000E+02  2.77300E-11 
 1.69000E+02  3.73100E-11 
 1.70000E+02  3.37900E-11 
 1.71000E+02  2.76900E-11 
 1.72000E+02  2.83600E-11 
 1.73000E+02  2.80300E-11 
 1.74000E+02  2.28800E-11 
 1.75000E+02  3.29800E-11 
 1.76000E+02  2.84200E-11 
 1.77000E+02  5.48700E-11 
 1.78000E+02  2.71600E-11 
 1.79000E+02  3.15100E-11 
 1.80000E+02  3.50700E-11 
 1.81000E+02  4.49200E-11 
 1.82000E+02  2.74800E-11 
 1.83000E+02  2.50500E-11 
 1.84000E+02  4.61600E-11 
 1.85000E+02  5.37900E-11 
 1.86000E+02  3.61600E-11 
 1.87000E+02  3.27200E-11 
 1.88000E+02  3.15400E-11 
 1.89000E+02  3.10600E-11 
 1.90000E+02  4.09000E-11 
 1.91000E+02  3.08000E-11 
 1.92000E+02  2.32700E-11 
 1.93000E+02  3.72000E-11 
 1.94000E+02  3.14300E-11 
 1.95000E+02  4.13200E-11 
 1.96000E+02  3.21000E-11 
 1.97000E+02  3.41800E-11 
 1.98000E+02  3.64300E-11 
 1.99000E+02  5.03400E-11 
 2.00000E+02  3.22900E-11 
 2.01000E+02  3.91000E-11 
 2.02000E+02  3.40100E-11 
 2.03000E+02  2.95600E-11 
 2.04000E+02  3.70400E-11 
 2.05000E+02  2.16200E-11 
 2.06000E+02  3.31700E-11 
 2.07000E+02  3.85900E-11 
 2.08000E+02  3.16100E-11 
 2.09000E+02  3.68800E-11 
 2.10000E+02  3.29400E-11 
 2.11000E+02  3.27800E-11 
 2.12000E+02  5.06500E-11 
 2.13000E+02  2.60800E-11 
 2.14000E+02  4.08300E-11 
 2.15000E+02  3.26300E-11 
 2.16000E+02  2.97900E-11 
 2.17000E+02  3.81200E-11 
 2.18000E+02  2.77700E-11 
 2.19000E+02  3.62300E-11 
 2.20000E+02  3.35700E-11 
 2.21000E+02  3.30200E-11 
 2.22000E+02  3.73800E-11 
 2.23000E+02  3.97500E-11 
 2.24000E+02  4.35800E-11 
 2.25000E+02  3.21400E-11 
 2.26000E+02  3.16300E-11 
 2.27000E+02  2.45900E-11 
 2.28000E+02  3.78900E-11 
 2.29000E+02  4.55600E-11 
 2.30000E+02  3.10000E-11 
 2.31000E+02  2.77900E-11 
 2.32000E+02  3.25700E-11 
 2.33000E+02  3.76600E-11 
 2.34000E+02  3.73800E-11 
 2.35000E+02  2.80100E-11 
 2.36000E+02  4.92600E-11 
 2.37000E+02  2.77600E-11 
 2.38000E+02  3.97900E-11 
 2.39000E+02  3.46400E-11 
 2.40000E+02  2.53900E-11 
 2.41000E+02  3.16200E-11 
 2.42000E+02  3.97000E-11 
 2.43000E+02  3.48100E-11 
 2.44000E+02  2.77300E-11 
 2.45000E+02  2.55200E-11 
 2.46000E+02  3.20900E-11 
 2.47000E+02  2.69800E-11 
 2.48000E+02  2.21400E-11 
 2.49000E+02  5.77500E-11 
 2.50000E+02  2.72900E-11 
 2.51000E+02  2.01900E-11 
 2.52000E+02  3.73100E-11 
 2.53000E+02  3.27300E-11 
 2.54000E+02  2.42400E-11 
 2.55000E+02  2.80100E-11 
 2.56000E+02  4.18500E-11 
 2.57000E+02  3.67300E-11 
 2.58000E+02  3.35500E-11 
 2.59000E+02  4.06200E-11 
 2.60000E+02  2.77900E-11 
 2.61000E+02  4.16000E-11 
 2.62000E+02  4.40700E-11 
 2.63000E+02  3.15000E-11 
 2.64000E+02  3.70500E-11 
 2.65000E+02  4.24800E-11 
 2.66000E+02  2.42100E-11 
 2.67000E+02  2.98200E-11 
 2.68000E+02  4.92100E-11 
 2.69000E+02  3.27700E-11 
 2.70000E+02  2.79400E-11 
 2.71000E+02  2.27000E-11 
 2.72000E+02  2.11900E-11 
 2.73000E+02  2.49000E-11 
 2.74000E+02  3.02600E-11 
 2.75000E+02  3.81200E-11 
 2.76000E+02  2.54500E-11 
 2.77000E+02  3.51300E-11 
 2.78000E+02  3.32900E-11 
 2.79000E+02  3.14100E-11 
 2.80000E+02  3.05000E-11 
 2.81000E+02  2.59200E-11 
 2.82000E+02  3.23400E-11 
 2.83000E+02  3.06500E-11 
 2.84000E+02  2.71700E-11 
 2.85000E+02  2.85800E-11 
 2.86000E+02  2.58200E-11 
 2.87000E+02  4.94800E-11 
 2.88000E+02  3.32800E-11 
 2.89000E+02  2.45300E-11 
 2.90000E+02  3.06300E-11 
 2.91000E+02  3.47900E-11 
 2.92000E+02  3.32500E-11 
 2.93000E+02  4.76000E-11 
 2.94000E+02  3.30000E-11 
 2.95000E+02  3.46300E-11 
 2.96000E+02  2.53900E-11 
 2.97000E+02  3.14400E-11 
 2.98000E+02  3.27300E-11 
 2.99000E+02  2.27000E-11 
 3.00000E+02  2.45700E-11 
