#format table ## [Custom WaveView] saved 20:41:36 Tue Mar 21 2017
XVAL inv_delay 
 1.00000E+00  1.25300E-11 
 2.00000E+00  1.12000E-11 
 3.00000E+00  1.43000E-11 
 4.00000E+00  1.29000E-11 
 5.00000E+00  1.30800E-11 
 6.00000E+00  1.26800E-11 
 7.00000E+00  1.22500E-11 
 8.00000E+00  1.03100E-11 
 9.00000E+00  1.24000E-11 
 1.00000E+01  1.01200E-11 
 1.10000E+01  1.23700E-11 
 1.20000E+01  1.13600E-11 
 1.30000E+01  1.22000E-11 
 1.40000E+01  1.24600E-11 
 1.50000E+01  1.47100E-11 
 1.60000E+01  1.15600E-11 
 1.70000E+01  1.00200E-11 
 1.80000E+01  1.13300E-11 
 1.90000E+01  1.53100E-11 
 2.00000E+01  1.21800E-11 
 2.10000E+01  1.26000E-11 
 2.20000E+01  1.39100E-11 
 2.30000E+01  1.22400E-11 
 2.40000E+01  1.19600E-11 
 2.50000E+01  1.28100E-11 
 2.60000E+01  1.30700E-11 
 2.70000E+01  1.24100E-11 
 2.80000E+01  1.39400E-11 
 2.90000E+01  1.16800E-11 
 3.00000E+01  1.29200E-11 
 3.10000E+01  1.35300E-11 
 3.20000E+01  1.32300E-11 
 3.30000E+01  1.54000E-11 
 3.40000E+01  1.33300E-11 
 3.50000E+01  1.50600E-11 
 3.60000E+01  1.27600E-11 
 3.70000E+01  1.08000E-11 
 3.80000E+01  1.30400E-11 
 3.90000E+01  1.32400E-11 
 4.00000E+01  1.24400E-11 
 4.10000E+01  1.21100E-11 
 4.20000E+01  1.18300E-11 
 4.30000E+01  1.40500E-11 
 4.40000E+01  1.01400E-11 
 4.50000E+01  1.03200E-11 
 4.60000E+01  1.02500E-11 
 4.70000E+01  1.11500E-11 
 4.80000E+01  1.24000E-11 
 4.90000E+01  1.51300E-11 
 5.00000E+01  1.29300E-11 
 5.10000E+01  1.32300E-11 
 5.20000E+01  1.30200E-11 
 5.30000E+01  1.27500E-11 
 5.40000E+01  1.27800E-11 
 5.50000E+01  1.12100E-11 
 5.60000E+01  1.38300E-11 
 5.70000E+01  1.38300E-11 
 5.80000E+01  1.39200E-11 
 5.90000E+01  1.13900E-11 
 6.00000E+01  1.10900E-11 
 6.10000E+01  1.35400E-11 
 6.20000E+01  1.32300E-11 
 6.30000E+01  1.30000E-11 
 6.40000E+01  1.23000E-11 
 6.50000E+01  1.34200E-11 
 6.60000E+01  1.28500E-11 
 6.70000E+01  1.12000E-11 
 6.80000E+01  1.53200E-11 
 6.90000E+01  1.35600E-11 
 7.00000E+01  1.02700E-11 
 7.10000E+01  1.36900E-11 
 7.20000E+01  1.18000E-11 
 7.30000E+01  1.61700E-11 
 7.40000E+01  1.34400E-11 
 7.50000E+01  1.07400E-11 
 7.60000E+01  1.31000E-11 
 7.70000E+01  1.32500E-11 
 7.80000E+01  1.20000E-11 
 7.90000E+01  1.38500E-11 
 8.00000E+01  1.01600E-11 
 8.10000E+01  1.26000E-11 
 8.20000E+01  1.31200E-11 
 8.30000E+01  1.07400E-11 
 8.40000E+01  1.37100E-11 
 8.50000E+01  1.31900E-11 
 8.60000E+01  1.19300E-11 
 8.70000E+01  1.32100E-11 
 8.80000E+01  1.36800E-11 
 8.90000E+01  1.23600E-11 
 9.00000E+01  1.24400E-11 
 9.10000E+01  1.25400E-11 
 9.20000E+01  1.03200E-11 
 9.30000E+01  1.26900E-11 
 9.40000E+01  1.05500E-11 
 9.50000E+01  1.30500E-11 
 9.60000E+01  1.47300E-11 
 9.70000E+01  1.33100E-11 
 9.80000E+01  1.13400E-11 
 9.90000E+01  1.06600E-11 
 1.00000E+02  1.08800E-11 
 1.01000E+02  1.29400E-11 
 1.02000E+02  1.19300E-11 
 1.03000E+02  1.23900E-11 
 1.04000E+02  1.38500E-11 
 1.05000E+02  1.20600E-11 
 1.06000E+02  1.35100E-11 
 1.07000E+02  1.33600E-11 
 1.08000E+02  1.45100E-11 
 1.09000E+02  1.17100E-11 
 1.10000E+02  1.26600E-11 
 1.11000E+02  1.13600E-11 
 1.12000E+02  1.24500E-11 
 1.13000E+02  1.35900E-11 
 1.14000E+02  1.37400E-11 
 1.15000E+02  1.04400E-11 
 1.16000E+02  1.24800E-11 
 1.17000E+02  1.35600E-11 
 1.18000E+02  1.41900E-11 
 1.19000E+02  1.19400E-11 
 1.20000E+02  1.31800E-11 
 1.21000E+02  1.18500E-11 
 1.22000E+02  1.27100E-11 
 1.23000E+02  1.39400E-11 
 1.24000E+02  9.70500E-12 
 1.25000E+02  1.18700E-11 
 1.26000E+02  1.21600E-11 
 1.27000E+02  1.16300E-11 
 1.28000E+02  1.26400E-11 
 1.29000E+02  1.05200E-11 
 1.30000E+02  1.33600E-11 
 1.31000E+02  1.12000E-11 
 1.32000E+02  1.15400E-11 
 1.33000E+02  1.28700E-11 
 1.34000E+02  1.19600E-11 
 1.35000E+02  1.28800E-11 
 1.36000E+02  1.24300E-11 
 1.37000E+02  1.12900E-11 
 1.38000E+02  1.24200E-11 
 1.39000E+02  1.55600E-11 
 1.40000E+02  1.32000E-11 
 1.41000E+02  1.45000E-11 
 1.42000E+02  1.34300E-11 
 1.43000E+02  1.27800E-11 
 1.44000E+02  1.17900E-11 
 1.45000E+02  1.45000E-11 
 1.46000E+02  1.37200E-11 
 1.47000E+02  1.31600E-11 
 1.48000E+02  1.35300E-11 
 1.49000E+02  1.47200E-11 
 1.50000E+02  1.13400E-11 
 1.51000E+02  1.29700E-11 
 1.52000E+02  1.02800E-11 
 1.53000E+02  1.35600E-11 
 1.54000E+02  1.36200E-11 
 1.55000E+02  1.21000E-11 
 1.56000E+02  1.27500E-11 
 1.57000E+02  1.12100E-11 
 1.58000E+02  1.51400E-11 
 1.59000E+02  1.24800E-11 
 1.60000E+02  1.33400E-11 
 1.61000E+02  1.22400E-11 
 1.62000E+02  1.17100E-11 
 1.63000E+02  1.28200E-11 
 1.64000E+02  1.15400E-11 
 1.65000E+02  1.29400E-11 
 1.66000E+02  1.60900E-11 
 1.67000E+02  1.21100E-11 
 1.68000E+02  1.16700E-11 
 1.69000E+02  1.35700E-11 
 1.70000E+02  1.29300E-11 
 1.71000E+02  1.18800E-11 
 1.72000E+02  1.20300E-11 
 1.73000E+02  1.19500E-11 
 1.74000E+02  1.06500E-11 
 1.75000E+02  1.27700E-11 
 1.76000E+02  1.20600E-11 
 1.77000E+02  1.54700E-11 
 1.78000E+02  1.17600E-11 
 1.79000E+02  1.24000E-11 
 1.80000E+02  1.31700E-11 
 1.81000E+02  1.45000E-11 
 1.82000E+02  1.18300E-11 
 1.83000E+02  1.12300E-11 
 1.84000E+02  1.46200E-11 
 1.85000E+02  1.53600E-11 
 1.86000E+02  1.33600E-11 
 1.87000E+02  1.27300E-11 
 1.88000E+02  1.24400E-11 
 1.89000E+02  1.23800E-11 
 1.90000E+02  1.40600E-11 
 1.91000E+02  1.23100E-11 
 1.92000E+02  1.07600E-11 
 1.93000E+02  1.35400E-11 
 1.94000E+02  1.24000E-11 
 1.95000E+02  1.41000E-11 
 1.96000E+02  1.25700E-11 
 1.97000E+02  1.30200E-11 
 1.98000E+02  1.34200E-11 
 1.99000E+02  1.50400E-11 
 2.00000E+02  1.26200E-11 
 2.01000E+02  1.38600E-11 
 2.02000E+02  1.29800E-11 
 2.03000E+02  1.20900E-11 
 2.04000E+02  1.35100E-11 
 2.05000E+02  1.02900E-11 
 2.06000E+02  1.28100E-11 
 2.07000E+02  1.37900E-11 
 2.08000E+02  1.24400E-11 
 2.09000E+02  1.34900E-11 
 2.10000E+02  1.27600E-11 
 2.11000E+02  1.27400E-11 
 2.12000E+02  1.50700E-11 
 2.13000E+02  1.14900E-11 
 2.14000E+02  1.40500E-11 
 2.15000E+02  1.27000E-11 
 2.16000E+02  1.21100E-11 
 2.17000E+02  1.37000E-11 
 2.18000E+02  1.16900E-11 
 2.19000E+02  1.33800E-11 
 2.20000E+02  1.28900E-11 
 2.21000E+02  1.27800E-11 
 2.22000E+02  1.35800E-11 
 2.23000E+02  1.39400E-11 
 2.24000E+02  1.43600E-11 
 2.25000E+02  1.25900E-11 
 2.26000E+02  1.24500E-11 
 2.27000E+02  1.11100E-11 
 2.28000E+02  1.36600E-11 
 2.29000E+02  1.45700E-11 
 2.30000E+02  1.23200E-11 
 2.31000E+02  1.16900E-11 
 2.32000E+02  1.26900E-11 
 2.33000E+02  1.36300E-11 
 2.34000E+02  1.35800E-11 
 2.35000E+02  1.19600E-11 
 2.36000E+02  1.49300E-11 
 2.37000E+02  1.19000E-11 
 2.38000E+02  1.39200E-11 
 2.39000E+02  1.30800E-11 
 2.40000E+02  1.13200E-11 
 2.41000E+02  1.24600E-11 
 2.42000E+02  1.39300E-11 
 2.43000E+02  1.31200E-11 
 2.44000E+02  1.16600E-11 
 2.45000E+02  1.13500E-11 
 2.46000E+02  1.25800E-11 
 2.47000E+02  1.17200E-11 
 2.48000E+02  1.04200E-11 
 2.49000E+02  1.57300E-11 
 2.50000E+02  1.17800E-11 
 2.51000E+02  9.95300E-12 
 2.52000E+02  1.35700E-11 
 2.53000E+02  1.27300E-11 
 2.54000E+02  1.10200E-11 
 2.55000E+02  1.19600E-11 
 2.56000E+02  1.41600E-11 
 2.57000E+02  1.34700E-11 
 2.58000E+02  1.28800E-11 
 2.59000E+02  1.40300E-11 
 2.60000E+02  1.16900E-11 
 2.61000E+02  1.41400E-11 
 2.62000E+02  1.43900E-11 
 2.63000E+02  1.24500E-11 
 2.64000E+02  1.35100E-11 
 2.65000E+02  1.42400E-11 
 2.66000E+02  1.10200E-11 
 2.67000E+02  1.21300E-11 
 2.68000E+02  1.49300E-11 
 2.69000E+02  1.27200E-11 
 2.70000E+02  1.19400E-11 
 2.71000E+02  1.05900E-11 
 2.72000E+02  1.01800E-11 
 2.73000E+02  1.11900E-11 
 2.74000E+02  1.21800E-11 
 2.75000E+02  1.37000E-11 
 2.76000E+02  1.13300E-11 
 2.77000E+02  1.31900E-11 
 2.78000E+02  1.28400E-11 
 2.79000E+02  1.24100E-11 
 2.80000E+02  1.22400E-11 
 2.81000E+02  1.14600E-11 
 2.82000E+02  1.26500E-11 
 2.83000E+02  1.22700E-11 
 2.84000E+02  1.17700E-11 
 2.85000E+02  1.20900E-11 
 2.86000E+02  1.14200E-11 
 2.87000E+02  1.49600E-11 
 2.88000E+02  1.28300E-11 
 2.89000E+02  1.11000E-11 
 2.90000E+02  1.22500E-11 
 2.91000E+02  1.31300E-11 
 2.92000E+02  1.28200E-11 
 2.93000E+02  1.47600E-11 
 2.94000E+02  1.27700E-11 
 2.95000E+02  1.30900E-11 
 2.96000E+02  1.13200E-11 
 2.97000E+02  1.24100E-11 
 2.98000E+02  1.27100E-11 
 2.99000E+02  1.05900E-11 
 3.00000E+02  1.11100E-11 
