#format table ## [Custom WaveView] saved 20:46:29 Tue Mar 21 2017
XVAL inv_delay 
 1.00000E+00  9.25500E-12 
 2.00000E+00  8.76000E-12 
 3.00000E+00  1.01200E-11 
 4.00000E+00  9.41100E-12 
 5.00000E+00  9.55200E-12 
 6.00000E+00  9.31100E-12 
 7.00000E+00  9.14500E-12 
 8.00000E+00  8.47500E-12 
 9.00000E+00  9.20300E-12 
 1.00000E+01  8.37400E-12 
 1.10000E+01  9.19800E-12 
 1.20000E+01  8.82100E-12 
 1.30000E+01  9.12500E-12 
 1.40000E+01  9.21900E-12 
 1.50000E+01  1.03100E-11 
 1.60000E+01  8.89900E-12 
 1.70000E+01  8.31800E-12 
 1.80000E+01  8.81300E-12 
 1.90000E+01  1.07300E-11 
 2.00000E+01  9.11800E-12 
 2.10000E+01  9.27700E-12 
 2.20000E+01  9.93300E-12 
 2.30000E+01  9.14300E-12 
 2.40000E+01  9.03700E-12 
 2.50000E+01  9.36800E-12 
 2.60000E+01  9.55500E-12 
 2.70000E+01  9.20500E-12 
 2.80000E+01  9.94900E-12 
 2.90000E+01  8.93300E-12 
 3.00000E+01  9.41800E-12 
 3.10000E+01  9.76100E-12 
 3.20000E+01  9.62600E-12 
 3.30000E+01  1.07900E-11 
 3.40000E+01  9.66800E-12 
 3.50000E+01  1.05400E-11 
 3.60000E+01  9.35000E-12 
 3.70000E+01  8.63200E-12 
 3.80000E+01  9.54400E-12 
 3.90000E+01  9.63600E-12 
 4.00000E+01  9.21800E-12 
 4.10000E+01  9.09400E-12 
 4.20000E+01  8.99300E-12 
 4.30000E+01  1.00000E-11 
 4.40000E+01  8.36800E-12 
 4.50000E+01  8.48400E-12 
 4.60000E+01  8.44600E-12 
 4.70000E+01  8.75100E-12 
 4.80000E+01  9.19300E-12 
 4.90000E+01  1.06000E-11 
 5.00000E+01  9.42600E-12 
 5.10000E+01  9.62600E-12 
 5.20000E+01  9.53500E-12 
 5.30000E+01  9.34700E-12 
 5.40000E+01  9.35800E-12 
 5.50000E+01  8.77100E-12 
 5.60000E+01  9.89300E-12 
 5.70000E+01  9.89600E-12 
 5.80000E+01  9.94000E-12 
 5.90000E+01  8.82300E-12 
 6.00000E+01  8.72400E-12 
 6.10000E+01  9.76400E-12 
 6.20000E+01  9.61700E-12 
 6.30000E+01  9.52700E-12 
 6.40000E+01  9.16500E-12 
 6.50000E+01  9.70500E-12 
 6.60000E+01  9.38900E-12 
 6.70000E+01  8.75300E-12 
 6.80000E+01  1.07400E-11 
 6.90000E+01  9.77100E-12 
 7.00000E+01  8.45400E-12 
 7.10000E+01  9.83100E-12 
 7.20000E+01  8.97500E-12 
 7.30000E+01  1.13500E-11 
 7.40000E+01  9.71900E-12 
 7.50000E+01  8.61500E-12 
 7.60000E+01  9.57100E-12 
 7.70000E+01  9.63600E-12 
 7.80000E+01  9.05100E-12 
 7.90000E+01  9.91400E-12 
 8.00000E+01  8.39300E-12 
 8.10000E+01  9.28000E-12 
 8.20000E+01  9.57000E-12 
 8.30000E+01  8.61700E-12 
 8.40000E+01  9.84400E-12 
 8.50000E+01  9.61300E-12 
 8.60000E+01  9.02800E-12 
 8.70000E+01  9.61600E-12 
 8.80000E+01  9.82900E-12 
 8.90000E+01  9.19000E-12 
 9.00000E+01  9.21500E-12 
 9.10000E+01  9.25600E-12 
 9.20000E+01  8.47700E-12 
 9.30000E+01  9.31100E-12 
 9.40000E+01  8.55500E-12 
 9.50000E+01  9.55600E-12 
 9.60000E+01  1.03100E-11 
 9.70000E+01  9.66600E-12 
 9.80000E+01  8.81900E-12 
 9.90000E+01  8.59200E-12 
 1.00000E+02  8.66000E-12 
 1.01000E+02  9.42200E-12 
 1.02000E+02  9.02000E-12 
 1.03000E+02  9.20200E-12 
 1.04000E+02  9.90600E-12 
 1.05000E+02  9.06100E-12 
 1.06000E+02  9.75200E-12 
 1.07000E+02  9.68100E-12 
 1.08000E+02  1.02100E-11 
 1.09000E+02  8.94100E-12 
 1.10000E+02  9.30900E-12 
 1.11000E+02  8.82100E-12 
 1.12000E+02  9.22400E-12 
 1.13000E+02  9.78500E-12 
 1.14000E+02  9.85600E-12 
 1.15000E+02  8.52400E-12 
 1.16000E+02  9.23100E-12 
 1.17000E+02  9.77300E-12 
 1.18000E+02  1.00600E-11 
 1.19000E+02  9.02400E-12 
 1.20000E+02  9.60700E-12 
 1.21000E+02  8.99700E-12 
 1.22000E+02  9.32400E-12 
 1.23000E+02  9.95000E-12 
 1.24000E+02  8.09300E-12 
 1.25000E+02  8.99600E-12 
 1.26000E+02  9.11500E-12 
 1.27000E+02  8.91900E-12 
 1.28000E+02  9.29300E-12 
 1.29000E+02  8.54900E-12 
 1.30000E+02  9.68300E-12 
 1.31000E+02  8.76400E-12 
 1.32000E+02  8.88600E-12 
 1.33000E+02  9.38700E-12 
 1.34000E+02  9.03500E-12 
 1.35000E+02  9.40200E-12 
 1.36000E+02  9.21800E-12 
 1.37000E+02  8.80200E-12 
 1.38000E+02  9.21100E-12 
 1.39000E+02  1.09200E-11 
 1.40000E+02  9.61000E-12 
 1.41000E+02  1.02100E-11 
 1.42000E+02  9.71200E-12 
 1.43000E+02  9.35800E-12 
 1.44000E+02  8.97300E-12 
 1.45000E+02  1.02100E-11 
 1.46000E+02  9.84200E-12 
 1.47000E+02  9.59200E-12 
 1.48000E+02  9.76500E-12 
 1.49000E+02  1.03100E-11 
 1.50000E+02  8.81300E-12 
 1.51000E+02  9.43600E-12 
 1.52000E+02  8.45200E-12 
 1.53000E+02  9.77500E-12 
 1.54000E+02  9.80000E-12 
 1.55000E+02  9.09000E-12 
 1.56000E+02  9.34800E-12 
 1.57000E+02  8.77500E-12 
 1.58000E+02  1.06000E-11 
 1.59000E+02  9.23700E-12 
 1.60000E+02  9.67600E-12 
 1.61000E+02  9.13900E-12 
 1.62000E+02  8.93700E-12 
 1.63000E+02  9.37800E-12 
 1.64000E+02  8.88300E-12 
 1.65000E+02  9.42300E-12 
 1.66000E+02  1.13000E-11 
 1.67000E+02  9.09600E-12 
 1.68000E+02  8.92700E-12 
 1.69000E+02  9.77600E-12 
 1.70000E+02  9.42200E-12 
 1.71000E+02  9.00800E-12 
 1.72000E+02  9.06600E-12 
 1.73000E+02  9.03900E-12 
 1.74000E+02  8.58200E-12 
 1.75000E+02  9.35300E-12 
 1.76000E+02  9.06700E-12 
 1.77000E+02  1.08500E-11 
 1.78000E+02  8.96600E-12 
 1.79000E+02  9.20500E-12 
 1.80000E+02  9.60100E-12 
 1.81000E+02  1.02100E-11 
 1.82000E+02  8.99300E-12 
 1.83000E+02  8.77700E-12 
 1.84000E+02  1.02600E-11 
 1.85000E+02  1.07600E-11 
 1.86000E+02  9.68400E-12 
 1.87000E+02  9.33000E-12 
 1.88000E+02  9.21300E-12 
 1.89000E+02  9.18100E-12 
 1.90000E+02  1.00000E-11 
 1.91000E+02  9.16000E-12 
 1.92000E+02  8.61800E-12 
 1.93000E+02  9.76600E-12 
 1.94000E+02  9.20400E-12 
 1.95000E+02  1.00200E-11 
 1.96000E+02  9.26900E-12 
 1.97000E+02  9.46300E-12 
 1.98000E+02  9.70700E-12 
 1.99000E+02  1.05200E-11 
 2.00000E+02  9.28900E-12 
 2.01000E+02  9.91100E-12 
 2.02000E+02  9.44200E-12 
 2.03000E+02  9.08300E-12 
 2.04000E+02  9.75500E-12 
 2.05000E+02  8.45700E-12 
 2.06000E+02  9.36900E-12 
 2.07000E+02  9.87200E-12 
 2.08000E+02  9.21800E-12 
 2.09000E+02  9.74200E-12 
 2.10000E+02  9.35100E-12 
 2.11000E+02  9.33600E-12 
 2.12000E+02  1.05400E-11 
 2.13000E+02  8.87000E-12 
 2.14000E+02  1.00000E-11 
 2.15000E+02  9.32300E-12 
 2.16000E+02  9.09500E-12 
 2.17000E+02  9.83700E-12 
 2.18000E+02  8.93800E-12 
 2.19000E+02  9.69300E-12 
 2.20000E+02  9.40600E-12 
 2.21000E+02  9.35600E-12 
 2.22000E+02  9.78300E-12 
 2.23000E+02  9.94500E-12 
 2.24000E+02  1.01400E-11 
 2.25000E+02  9.27600E-12 
 2.26000E+02  9.22500E-12 
 2.27000E+02  8.73500E-12 
 2.28000E+02  9.82000E-12 
 2.29000E+02  1.02400E-11 
 2.30000E+02  9.17500E-12 
 2.31000E+02  8.93200E-12 
 2.32000E+02  9.31700E-12 
 2.33000E+02  9.80200E-12 
 2.34000E+02  9.78300E-12 
 2.35000E+02  9.03700E-12 
 2.36000E+02  1.04300E-11 
 2.37000E+02  9.01300E-12 
 2.38000E+02  9.94300E-12 
 2.39000E+02  9.56600E-12 
 2.40000E+02  8.81000E-12 
 2.41000E+02  9.22100E-12 
 2.42000E+02  9.94200E-12 
 2.43000E+02  9.57800E-12 
 2.44000E+02  8.93100E-12 
 2.45000E+02  8.81800E-12 
 2.46000E+02  9.27000E-12 
 2.47000E+02  8.94800E-12 
 2.48000E+02  8.51900E-12 
 2.49000E+02  1.10400E-11 
 2.50000E+02  8.98000E-12 
 2.51000E+02  8.27500E-12 
 2.52000E+02  9.77500E-12 
 2.53000E+02  9.33100E-12 
 2.54000E+02  8.70400E-12 
 2.55000E+02  9.03600E-12 
 2.56000E+02  1.00500E-11 
 2.57000E+02  9.73000E-12 
 2.58000E+02  9.40200E-12 
 2.59000E+02  9.99000E-12 
 2.60000E+02  8.93700E-12 
 2.61000E+02  1.00400E-11 
 2.62000E+02  1.01600E-11 
 2.63000E+02  9.21000E-12 
 2.64000E+02  9.75500E-12 
 2.65000E+02  1.00900E-11 
 2.66000E+02  8.70300E-12 
 2.67000E+02  9.10000E-12 
 2.68000E+02  1.04400E-11 
 2.69000E+02  9.33400E-12 
 2.70000E+02  9.03100E-12 
 2.71000E+02  8.56900E-12 
 2.72000E+02  8.41300E-12 
 2.73000E+02  8.76500E-12 
 2.74000E+02  9.12300E-12 
 2.75000E+02  9.83700E-12 
 2.76000E+02  8.81200E-12 
 2.77000E+02  9.60300E-12 
 2.78000E+02  9.37900E-12 
 2.79000E+02  9.20200E-12 
 2.80000E+02  9.14000E-12 
 2.81000E+02  8.85500E-12 
 2.82000E+02  9.29500E-12 
 2.83000E+02  9.15000E-12 
 2.84000E+02  8.96300E-12 
 2.85000E+02  9.08000E-12 
 2.86000E+02  8.84300E-12 
 2.87000E+02  1.04500E-11 
 2.88000E+02  9.37900E-12 
 2.89000E+02  8.73200E-12 
 2.90000E+02  9.14600E-12 
 2.91000E+02  9.57500E-12 
 2.92000E+02  9.37900E-12 
 2.93000E+02  1.03300E-11 
 2.94000E+02  9.35500E-12 
 2.95000E+02  9.56200E-12 
 2.96000E+02  8.81000E-12 
 2.97000E+02  9.20400E-12 
 2.98000E+02  9.33100E-12 
 2.99000E+02  8.56900E-12 
 3.00000E+02  8.73800E-12 
